correspond	2.4742162640762553
nine	1.8210037503009116
table	1.8721562727482928
shows	1.8210037503009116
|	67.36877432078049
equal	1.5711262770843117
|	67.36877432078049
unequal	2.298125005020574
|	67.36877432078049
|	67.36877432078049
|	67.36877432078049
women	1.2644629189722827
|	67.36877432078049
|	67.36877432078049
women	1.2644629189722827
|	67.36877432078049
|	67.36877432078049
|	67.36877432078049
|	67.36877432078049
|	67.36877432078049
|	67.36877432078049
|	67.36877432078049
hare	3.6211336070197246
|	67.36877432078049
deer	3.467707149164023
|	67.36877432078049
hare	3.6211336070197246
|	67.36877432078049
mare	3.7443125454965855
|	67.36877432078049
|	67.36877432078049
bull	3.7443125454965855
|	67.36877432078049
mare	3.7443125454965855
|	67.36877432078049
hare	3.6211336070197246
|	67.36877432078049
elephant	3.2582364481239967
|	67.36877432078049
|	67.36877432078049
horse	1.8210037503009116
|	67.36877432078049
elephant	3.2582364481239967
|	67.36877432078049
bull	3.7443125454965855
|	67.36877432078049
deer	3.467707149164023
|	67.36877432078049
|	67.36877432078049
|	67.36877432078049
|	67.36877432078049
bul	1.5711262770843117
