|rocket	2.5674674982253305
|	30.822771190059626
idem	10.64067402197534
|	30.822771190059626
|	30.822771190059626
|	30.822771190059626
|ditto	9.716659200236197
|	30.822771190059626
?	3.082277119005963
idem	10.64067402197534
|	30.822771190059626
|	30.822771190059626
|	30.822771190059626
|ditto	9.716659200236197
|	30.822771190059626
idem	10.64067402197534
|	30.822771190059626
?	3.082277119005963
|	30.822771190059626
?	2.3566141329104373
|	30.822771190059626
|ditto	9.716659200236197
|	30.822771190059626
idem	10.64067402197534
|	30.822771190059626
|	30.822771190059626
|	30.822771190059626
|ditto	9.716659200236197
|	30.822771190059626
idem	10.64067402197534
|	30.822771190059626
|	30.822771190059626
|	30.822771190059626
table	1.1462750299195814
ii	1.058937779254044
