do	1.3193064090971476
gerbes	2.1483381904833547
eleven	2.294466226161593
|	50.85757246359839
|	50.85757246359839
|	50.85757246359839
|	50.85757246359839
|	50.85757246359839
|do	2.5163149757779495
twelve	1.5897438929364829
lines	1.9520435453393867
diam	1.0036898648631647
|	50.85757246359839
|	50.85757246359839
|	50.85757246359839
|	50.85757246359839
|	50.85757246359839
|	50.85757246359839
bengal	2.294466226161593
lights	3.49256323123297
|	50.85757246359839
|	50.85757246359839
|	50.85757246359839
|	50.85757246359839
|	50.85757246359839
amber	1.6132249887860057
lights	3.49256323123297
|	50.85757246359839
|	50.85757246359839
|	50.85757246359839
|	50.85757246359839
|	50.85757246359839
|amber	3.4705574852172743
squibs	2.4291648000590493
|	50.85757246359839
|	50.85757246359839
|	50.85757246359839
|	50.85757246359839
|	50.85757246359839
|	50.85757246359839
do	1.3193064090971476
|	50.85757246359839
|	50.85757246359839
|	50.85757246359839
|	50.85757246359839
?	1.5411385595029814
|	50.85757246359839
|	50.85757246359839
