do	1.3193064090971476
calibers	1.890773888600464
half	1.1545871397603564
|	57.02212670161031
|	57.02212670161031
|	57.02212670161031
|	57.02212670161031
|	57.02212670161031
|zinc	3.4705574852172743
above	1.449368186147336
|	57.02212670161031
|	57.02212670161031
|	57.02212670161031
|	57.02212670161031
|	57.02212670161031
|	57.02212670161031
do	1.3193064090971476
any	2.545030386752937
caliber	4.506223609990017
|	57.02212670161031
|	57.02212670161031
|	57.02212670161031
|	57.02212670161031
|	57.02212670161031
|	57.02212670161031
sparkling	3.169527489553293
shining	2.324429449539036
|	57.02212670161031
|	57.02212670161031
|	57.02212670161031
|	57.02212670161031
|	57.02212670161031
|brass	6.9411149704345485
any	2.545030386752937
caliber	4.506223609990017
|	57.02212670161031
|	57.02212670161031
|	57.02212670161031
|	57.02212670161031
|	57.02212670161031
|	57.02212670161031
green	1.6576441285744186
any	2.545030386752937
caliber	4.506223609990017
|	57.02212670161031
|	57.02212670161031
|	57.02212670161031
|	57.02212670161031
|	57.02212670161031
?	1.8473081948193737
|brass	6.9411149704345485
aurora	2.5674674982253305
colour	1.2275194365309798
|	57.02212670161031
|	57.02212670161031
|	57.02212670161031
|	57.02212670161031
