pound	1.0831676588785448
ball	1.0976454822471675
pounds|	3.4705574852172743
caliber	6.008298146653356
|pounds|	10.411672455651823
caliber	6.008298146653356
|pounds|	10.411672455651823
caliber	6.008298146653356
|pounds|	10.411672455651823
caliber	6.008298146653356
|	44.693018225586464
|	44.693018225586464
|	44.693018225586464
|	44.693018225586464
|	44.693018225586464
|	44.693018225586464
|	44.693018225586464
|	44.693018225586464
|	44.693018225586464
|	44.693018225586464
|	44.693018225586464
|	44.693018225586464
|	44.693018225586464
|	44.693018225586464
|	44.693018225586464
|	44.693018225586464
|	44.693018225586464
|	44.693018225586464
|	44.693018225586464
|	44.693018225586464
|	44.693018225586464
|	44.693018225586464
|	44.693018225586464
|	44.693018225586464
|	44.693018225586464
|	44.693018225586464
|	44.693018225586464
|	44.693018225586464
|	44.693018225586464
