|	81.68034365365801
|	81.68034365365801
|	81.68034365365801
|	81.68034365365801
|	81.68034365365801
|	81.68034365365801
|	81.68034365365801
|	81.68034365365801
|	81.68034365365801
|	81.68034365365801
|	81.68034365365801
|	81.68034365365801
|	81.68034365365801
|	81.68034365365801
|	81.68034365365801
|	81.68034365365801
|	81.68034365365801
|	81.68034365365801
|	81.68034365365801
|	81.68034365365801
|	81.68034365365801
|	81.68034365365801
|	81.68034365365801
|	81.68034365365801
|	81.68034365365801
|	81.68034365365801
|	81.68034365365801
|	81.68034365365801
|	81.68034365365801
|	81.68034365365801
|	81.68034365365801
|	81.68034365365801
|	81.68034365365801
|	81.68034365365801
|	81.68034365365801
|	81.68034365365801
|	81.68034365365801
|	81.68034365365801
|	81.68034365365801
|	81.68034365365801
|	81.68034365365801
|	81.68034365365801
|	81.68034365365801
|	81.68034365365801
|	81.68034365365801
|	81.68034365365801
|	81.68034365365801
|	81.68034365365801
|	81.68034365365801
|	81.68034365365801
|	81.68034365365801
|	81.68034365365801
|	81.68034365365801
