|	41.6107411065805
|	41.6107411065805
|	41.6107411065805
|	41.6107411065805
|	41.6107411065805
|	41.6107411065805
|	41.6107411065805
|	41.6107411065805
|	41.6107411065805
|	41.6107411065805
|	41.6107411065805
|	41.6107411065805
|	41.6107411065805
|	41.6107411065805
|	41.6107411065805
|	41.6107411065805
|	41.6107411065805
|	41.6107411065805
|	41.6107411065805
|	41.6107411065805
|	41.6107411065805
|	41.6107411065805
|	41.6107411065805
|	41.6107411065805
?	1.5411385595029814
|	41.6107411065805
|	41.6107411065805
|	41.6107411065805
