rockets	1.0473116112804663
oz	2.7472949444184356
|	67.81009661813118
|	67.81009661813118
|	67.81009661813118
|	67.81009661813118
|	67.81009661813118
|	67.81009661813118
do	5.9368788409371644
oz	2.7472949444184356
|	67.81009661813118
|	67.81009661813118
|	67.81009661813118
?|	8.314762442643767
|	67.81009661813118
|	67.81009661813118
do	5.9368788409371644
do	5.9368788409371644
|	67.81009661813118
|	67.81009661813118
|	67.81009661813118
?|	8.314762442643767
|	67.81009661813118
|	67.81009661813118
do	5.9368788409371644
lb	1.3532861895615098
|	67.81009661813118
|	67.81009661813118
|	67.81009661813118
|	67.81009661813118
?|	8.314762442643767
|	67.81009661813118
do	5.9368788409371644
general	1.1203094668831113
|	67.81009661813118
|	67.81009661813118
|	67.81009661813118
|	67.81009661813118
|	67.81009661813118
|	67.81009661813118
do	5.9368788409371644
do	5.9368788409371644
|	67.81009661813118
|	67.81009661813118
|	67.81009661813118
|	67.81009661813118
|	67.81009661813118
|	67.81009661813118
do	5.9368788409371644
large	1.06915694443573
fly	1.7223694582110738
|	67.81009661813118
|	67.81009661813118
|	67.81009661813118
|	67.81009661813118
|	67.81009661813118
|	67.81009661813118
do	5.9368788409371644
middling	3.169527489553293
|	67.81009661813118
|	67.81009661813118
|	67.81009661813118
|	67.81009661813118
|	67.81009661813118
