|	53.939849582604346
inch	4.278301345920698
|	53.939849582604346
inch	4.278301345920698
|	53.939849582604346
inch	4.278301345920698
|	53.939849582604346
inch	4.278301345920698
|	53.939849582604346
inch	4.278301345920698
length	1.1524941502545127
|	53.939849582604346
|	53.939849582604346
|	53.939849582604346
?	4.623415678508945
|	53.939849582604346
|	53.939849582604346
?	4.623415678508945
diameter	1.0265126892991978
|	53.939849582604346
|	53.939849582604346
|	53.939849582604346
|	53.939849582604346
|	53.939849582604346
large	2.13831388887146
end	1.7420872918772572
|	53.939849582604346
?	4.713228265820875
|	53.939849582604346
?	4.588932452323186
|	53.939849582604346
?	1.8473081948193737
|	53.939849582604346
|	53.939849582604346
?	4.713228265820875
inches	1.0572577211360223
large	2.13831388887146
|	53.939849582604346
?	4.588932452323186
|	53.939849582604346
|	53.939849582604346
|	53.939849582604346
|	53.939849582604346
end	1.7420872918772572
|	53.939849582604346
|	53.939849582604346
|	53.939849582604346
|	53.939849582604346
|	53.939849582604346
end	1.7420872918772572
|	53.939849582604346
?	2.7715874808812555
|	53.939849582604346
|	53.939849582604346
|	53.939849582604346
?	2.055584137246456
|	53.939849582604346
?	4.623415678508945
