|	55.48098814210733
|the	2.7715874808812555
wood|	3.4705574852172743
tools	2.128134804395068
wood	1.002210154805117
|	55.48098814210733
|	55.48098814210733
|	55.48098814210733
|	55.48098814210733
|	55.48098814210733
||	8.767215537057782
|	55.48098814210733
|	55.48098814210733
rammers	2.0903462435056683
|	55.48098814210733
|	55.48098814210733
|	55.48098814210733
+	1.5729303939268329
|	55.48098814210733
|	55.48098814210733
||	8.767215537057782
|	55.48098814210733
|	55.48098814210733
|	55.48098814210733
|	55.48098814210733
name	1.3182691408342178
|	55.48098814210733
|	55.48098814210733
||	8.767215537057782
|	55.48098814210733
|	55.48098814210733
|	55.48098814210733
|	55.48098814210733
|	55.48098814210733
|	55.48098814210733
|	55.48098814210733
|	55.48098814210733
|	55.48098814210733
||	8.767215537057782
|	55.48098814210733
|	55.48098814210733
|	55.48098814210733
|	55.48098814210733
|sockets|	3.4705574852172743
|	55.48098814210733
|	55.48098814210733
|	55.48098814210733
|	55.48098814210733
