|	53.939849582604346
|	53.939849582604346
|	53.939849582604346
|	53.939849582604346
|	53.939849582604346
|	53.939849582604346
chinese	1.4837857509510293
calibers	3.781547777200928
under	1.0096596424607263
|	53.939849582604346
|	53.939849582604346
|	53.939849582604346
|	53.939849582604346
|	53.939849582604346
inch	2.5669808075524188
|	53.939849582604346
|	53.939849582604346
|	53.939849582604346
|	53.939849582604346
|	53.939849582604346
|	53.939849582604346
do	1.9789596136457215
calibers	3.781547777200928
above	1.449368186147336
inch	2.5669808075524188
|	53.939849582604346
|	53.939849582604346
|	53.939849582604346
|	53.939849582604346
|	53.939849582604346
|do	7.5489449273338485
do	1.9789596136457215
palmtrees	3.4705574852172743
cascades	2.0726174765452368
|	53.939849582604346
|	53.939849582604346
|	53.939849582604346
|	53.939849582604346
|	53.939849582604346
|do	7.5489449273338485
do	1.9789596136457215
white	1.2401085638390001
|	53.939849582604346
|	53.939849582604346
|	53.939849582604346
|	53.939849582604346
|	53.939849582604346
|do	7.5489449273338485
inch	2.5669808075524188
|	53.939849582604346
|	53.939849582604346
|	53.939849582604346
