|	77.05692797514907
|	77.05692797514907
|	77.05692797514907
|	77.05692797514907
|	77.05692797514907
|	77.05692797514907
|	77.05692797514907
|	77.05692797514907
|	77.05692797514907
|	77.05692797514907
|	77.05692797514907
|	77.05692797514907
|	77.05692797514907
|	77.05692797514907
|	77.05692797514907
|camphor	3.4705574852172743
|	77.05692797514907
|	77.05692797514907
|	77.05692797514907
|	77.05692797514907
|	77.05692797514907
|	77.05692797514907
|	77.05692797514907
|	77.05692797514907
|	77.05692797514907
|charcoal	2.9934362304976116
|	77.05692797514907
|	77.05692797514907
|	77.05692797514907
|	77.05692797514907
|	77.05692797514907
|	77.05692797514907
|	77.05692797514907
|	77.05692797514907
|	77.05692797514907
|	77.05692797514907
|carab?	3.4705574852172743
moist	1.5729303939268329
composition	1.32064993444438
||	10.959019421322227
|	77.05692797514907
|	77.05692797514907
|	77.05692797514907
|	77.05692797514907
||	10.959019421322227
|	77.05692797514907
?|	2.7715874808812555
|	77.05692797514907
idem	2.128134804395068
||	10.959019421322227
|	77.05692797514907
|	77.05692797514907
|	77.05692797514907
|	77.05692797514907
||	10.959019421322227
|	77.05692797514907
|	77.05692797514907
|	77.05692797514907
dry	1.1588036241615198
composition	1.32064993444438
|	77.05692797514907
|	77.05692797514907
|	77.05692797514907
||	10.959019421322227
