calibers	1.890773888600464
|	36.98732542807156
saltpetre	1.0141914520882311
|	36.98732542807156
|	36.98732542807156
charcoal	1.0343948381765182
|	36.98732542807156
pulv	1.5260748130671056
cast	1.5954962218255742
|	36.98732542807156
|	36.98732542807156
|	36.98732542807156
|	36.98732542807156
lbs	2.9498445812394487
|	36.98732542807156
lbs	2.9498445812394487
|	36.98732542807156
oz	4.120942416627654
|	36.98732542807156
oz	4.120942416627654
|	36.98732542807156
oz	4.120942416627654
|	36.98732542807156
|	36.98732542807156
|	36.98732542807156
|	36.98732542807156
|	36.98732542807156
|	36.98732542807156
|	36.98732542807156
|	36.98732542807156
|	36.98732542807156
|	36.98732542807156
|	36.98732542807156
|	36.98732542807156
