|	40.069602547077515
|	40.069602547077515
|total	3.4705574852172743
|	40.069602547077515
|	40.069602547077515
|	40.069602547077515
name	1.3182691408342178
|	40.069602547077515
|	40.069602547077515
||	4.383607768528891
button	2.9934362304976116
|	40.069602547077515
|the	2.7715874808812555
piercer|	3.4705574852172743
|	40.069602547077515
|	40.069602547077515
rockets	1.0473116112804663
|	40.069602547077515
|	40.069602547077515
|and	3.4705574852172743
culot	2.5163149757779495
|	40.069602547077515
|	40.069602547077515
|	40.069602547077515
|	40.069602547077515
|	40.069602547077515
|	40.069602547077515
|	40.069602547077515
|	40.069602547077515
|	40.069602547077515
|small	2.6254594452030173
?	1.5411385595029814
|	40.069602547077515
?	9.42645653164175
||	4.383607768528891
?	9.42645653164175
|	40.069602547077515
?	9.42645653164175
|	40.069602547077515
?	9.42645653164175
|	40.069602547077515
?	1.8473081948193737
|	40.069602547077515
|parteme	2.6924062348336304
