table	1.1462750299195814
|	33.90504830906559
|diameter	2.6924062348336304
of||diameter	3.4705574852172743
the|	3.4705574852172743
dimension	1.7803614051887606
|	33.90504830906559
|	33.90504830906559
|the	2.7715874808812555
tools	2.128134804395068
wood|	3.4705574852172743
mallets	2.4291648000590493
|	33.90504830906559
|	33.90504830906559
|	33.90504830906559
name	1.3182691408342178
|	33.90504830906559
|	33.90504830906559
||	2.1918038842644454
|	33.90504830906559
|	33.90504830906559
|	33.90504830906559
|	33.90504830906559
|	33.90504830906559
|	33.90504830906559
|	33.90504830906559
||base	3.4705574852172743
of|	2.6924062348336304
|	33.90504830906559
|	33.90504830906559
|	33.90504830906559
|	33.90504830906559
|	33.90504830906559
|	33.90504830906559
|	33.90504830906559
