|powder|	3.169527489553293
when	1.1502698783557326
|	69.35123517763417
when	1.1502698783557326
|	69.35123517763417
|	69.35123517763417
|	69.35123517763417
|	69.35123517763417
|	69.35123517763417
|	69.35123517763417
|	69.35123517763417
t=	3.4705574852172743
|	69.35123517763417
|robins	3.4705574852172743
|hutton	3.4705574852172743
|	69.35123517763417
++	2.294466226161593
|	69.35123517763417
lb	1.3532861895615098
|	69.35123517763417
|	69.35123517763417
|	69.35123517763417
|	69.35123517763417
|	69.35123517763417
|	69.35123517763417
|	69.35123517763417
|	69.35123517763417
|	69.35123517763417
?	1.5411385595029814
|	69.35123517763417
|	69.35123517763417
|	69.35123517763417
|	69.35123517763417
|	69.35123517763417
|	69.35123517763417
|	69.35123517763417
|	69.35123517763417
|	69.35123517763417
|	69.35123517763417
|	69.35123517763417
|	69.35123517763417
|	69.35123517763417
|	69.35123517763417
|	69.35123517763417
|	69.35123517763417
|	69.35123517763417
|	69.35123517763417
|	69.35123517763417
|	69.35123517763417
|	69.35123517763417
|	69.35123517763417
|	69.35123517763417
|	69.35123517763417
|	69.35123517763417
