do	5.27722563638859
do	5.27722563638859
|	55.48098814210733
|	55.48098814210733
|	55.48098814210733
|	55.48098814210733
|	55.48098814210733
?|	8.314762442643767
do	5.27722563638859
do	5.27722563638859
|	55.48098814210733
|	55.48098814210733
|	55.48098814210733
?|	8.314762442643767
?|	8.314762442643767
|	55.48098814210733
seacoal	3.4705574852172743
oz	5.494589888836871
|	55.48098814210733
|	55.48098814210733
|	55.48098814210733
|	55.48098814210733
|	55.48098814210733
?	2.055584137246456
oz	5.494589888836871
|	55.48098814210733
|	55.48098814210733
|	55.48098814210733
|	55.48098814210733
|	55.48098814210733
|coarse	3.4705574852172743
?	1.8473081948193737
oz	5.494589888836871
do	5.27722563638859
do	5.27722563638859
|	55.48098814210733
|	55.48098814210733
|	55.48098814210733
|	55.48098814210733
|	55.48098814210733
|	55.48098814210733
sawdust	2.1918038842644454
oz	5.494589888836871
do	5.27722563638859
do	5.27722563638859
|	55.48098814210733
|	55.48098814210733
|	55.48098814210733
|	55.48098814210733
|	55.48098814210733
charge	1.006664496231367
|	55.48098814210733
|	55.48098814210733
|	55.48098814210733
|	55.48098814210733
|	55.48098814210733
|	55.48098814210733
