|	32.36390974956261
petre|	3.169527489553293
composition	1.32064993444438
usually	1.4331309872766504
employed	1.110722002877386
|	32.36390974956261
|	32.36390974956261
|	32.36390974956261
|	32.36390974956261
quicker	3.169527489553293
composition	1.32064993444438
|	32.36390974956261
|	32.36390974956261
|	32.36390974956261
|	32.36390974956261
another	1.2325113820884788
ruggeri	2.108829649199681
|	32.36390974956261
|	32.36390974956261
|	32.36390974956261
|	32.36390974956261
do	2.638612818194295
do	2.638612818194295
|	32.36390974956261
|	32.36390974956261
|	32.36390974956261
|	32.36390974956261
do	2.638612818194295
english	1.7984596272815567
|	32.36390974956261
|	32.36390974956261
|	32.36390974956261
|	32.36390974956261
do	2.638612818194295
strasbourg	2.8684974938893117
