|	43.15187966608348
|saltpetre	3.4705574852172743
|	43.15187966608348
|	43.15187966608348
|sulphur	2.8684974938893117
|	43.15187966608348
|	43.15187966608348
|	43.15187966608348
|rosin	3.169527489553293
|	43.15187966608348
|	43.15187966608348
|	43.15187966608348
|	43.15187966608348
|	43.15187966608348
|	43.15187966608348
|	43.15187966608348
|	43.15187966608348
|	43.15187966608348
|	43.15187966608348
|	43.15187966608348
|	43.15187966608348
|	43.15187966608348
|	43.15187966608348
|	43.15187966608348
|	43.15187966608348
|	43.15187966608348
|	43.15187966608348
|	43.15187966608348
|	43.15187966608348
|	43.15187966608348
|	43.15187966608348
|charcoal	2.9934362304976116
