mould	3.2760971450220757
|	63.186680939622235
|	63.186680939622235
|	63.186680939622235
?	3.6946163896387474
|	63.186680939622235
|	63.186680939622235
dipped	1.9654075068973682
|	63.186680939622235
|	63.186680939622235
|	63.186680939622235
|	63.186680939622235
|	63.186680939622235
?	6.164554238011926
|	63.186680939622235
mould	3.2760971450220757
|	63.186680939622235
|	63.186680939622235
|	63.186680939622235
|	63.186680939622235
?	6.164554238011926
|	63.186680939622235
?	6.164554238011926
|	63.186680939622235
do	1.3193064090971476
|	63.186680939622235
?	6.164554238011926
|	63.186680939622235
|	63.186680939622235
|	63.186680939622235
?	2.3566141329104373
|	63.186680939622235
|	63.186680939622235
do	1.3193064090971476
|	63.186680939622235
|	63.186680939622235
|	63.186680939622235
|	63.186680939622235
?	3.6946163896387474
|	63.186680939622235
|	63.186680939622235
argand	2.5163149757779495
|	63.186680939622235
|	63.186680939622235
|	63.186680939622235
|	63.186680939622235
|	63.186680939622235
|	63.186680939622235
|	63.186680939622235
|	63.186680939622235
|	63.186680939622235
|	63.186680939622235
|	63.186680939622235
|	63.186680939622235
+	1.5729303939268329
