|	38.52846398757453
|	38.52846398757453
|	38.52846398757453
|	38.52846398757453
thickness	1.6510135496754055
sides	1.2915805379241048
|	38.52846398757453
|	38.52846398757453
|	38.52846398757453
|	38.52846398757453
|	38.52846398757453
culot	2.5163149757779495
|	38.52846398757453
|	38.52846398757453
|	38.52846398757453
|	38.52846398757453
|	38.52846398757453
|	38.52846398757453
pounds|	13.882229940869097
pounds|	13.882229940869097
pounds|	13.882229940869097
pounds|	13.882229940869097
pounds	1.4619573134553565
weight	1.3913762391696494
bombs	1.7381637253943056
|	38.52846398757453
|	38.52846398757453
|	38.52846398757453
|	38.52846398757453
|	38.52846398757453
?	1.8473081948193737
|	38.52846398757453
|	38.52846398757453
|	38.52846398757453
|	38.52846398757453
|	38.52846398757453
