lbs	1.4749222906197244
oz	1.3736474722092178
|	47.77529534459242
ft	1.5345322141972255
|	47.77529534459242
inches	3.171773163408067
|	47.77529534459242
inches	3.171773163408067
|	47.77529534459242
inches	3.171773163408067
|	47.77529534459242
ft	1.5345322141972255
|	47.77529534459242
|	47.77529534459242
|	47.77529534459242
|	47.77529534459242
|	47.77529534459242
|	47.77529534459242
|	47.77529534459242
|	47.77529534459242
|	47.77529534459242
|	47.77529534459242
|	47.77529534459242
|	47.77529534459242
|	47.77529534459242
|	47.77529534459242
|	47.77529534459242
|	47.77529534459242
|	47.77529534459242
|	47.77529534459242
|	47.77529534459242
|	47.77529534459242
|	47.77529534459242
|	47.77529534459242
|	47.77529534459242
|	47.77529534459242
|	47.77529534459242
|	47.77529534459242
