ordinary	1.7381637253943056
composition	1.32064993444438
moistened|	3.4705574852172743
|	60.10440382061628
|	60.10440382061628
|	60.10440382061628
|	60.10440382061628
|	60.10440382061628
|	60.10440382061628
|	60.10440382061628
spirits	3.781547777200928
linseed	2.039193721058287
|	60.10440382061628
|	60.10440382061628
|	60.10440382061628
|	60.10440382061628
|	60.10440382061628
|	60.10440382061628
|	60.10440382061628
|	60.10440382061628
meal	1.1442216242885228
|	60.10440382061628
|	60.10440382061628
|	60.10440382061628
?	3.082277119005963
|	60.10440382061628
?	2.055584137246456
|	60.10440382061628
|	60.10440382061628
|	60.10440382061628
|	60.10440382061628
another	1.2325113820884788
|	60.10440382061628
|	60.10440382061628
|	60.10440382061628
|	60.10440382061628
|	60.10440382061628
|	60.10440382061628
|	60.10440382061628
|	60.10440382061628
|	60.10440382061628
|	60.10440382061628
|	60.10440382061628
|	60.10440382061628
|	60.10440382061628
|	60.10440382061628
|	60.10440382061628
|	60.10440382061628
?	3.082277119005963
first	1.0280777161528256
composition	1.32064993444438
reduced	1.914254984449987
paste	1.2375613748251204
good	1.69970547357513
brandy	1.8173449714419305
spirits	3.781547777200928
gum	1.6072346250968184
arabic	2.055584137246456
