|	33.90504830906559
|	33.90504830906559
|	33.90504830906559
|	33.90504830906559
|	33.90504830906559
|	33.90504830906559
|	33.90504830906559
|	33.90504830906559
|	33.90504830906559
|	33.90504830906559
?	3.082277119005963
|	33.90504830906559
|	33.90504830906559
|	33.90504830906559
|	33.90504830906559
|	33.90504830906559
?	1.8473081948193737
|	33.90504830906559
?	3.082277119005963
|	33.90504830906559
|	33.90504830906559
|	33.90504830906559
|	33.90504830906559
transcriber	2.8684974938893117
note	1.914254984449987
last	1.2583698808133164
rows	3.7155472569950776
table	1.1462750299195814
many	1.2401085638390001
typos	3.4705574852172743
rows	3.7155472569950776
were	1.0939805281607622
probably	2.240108563839
intended	1.7223694582110738
follows	1.9390785681750191
|	33.90504830906559
|	33.90504830906559
