tied	1.7146826295447828
sheet	1.754554141582475
paper	1.070883763736236
parcels	2.9934362304976116
|	23.11707839254472
meal	1.1442216242885228
|	23.11707839254472
|	23.11707839254472
|	23.11707839254472
|	23.11707839254472
kinds	1.4974296316175755
|	23.11707839254472
powder|	3.169527489553293
last	1.2583698808133164
moistened	2.0903462435056683
|	23.11707839254472
|	23.11707839254472
|	23.11707839254472
|	23.11707839254472
|	23.11707839254472
linseed	2.039193721058287
|	23.11707839254472
|	23.11707839254472
|	23.11707839254472
|	23.11707839254472
