+	1.5729303939268329
|	27.740494071053664
meal	1.1442216242885228
|powder	2.8684974938893117
|char	2.5163149757779495
|	27.740494071053664
|	27.740494071053664
petre	1.0081594873183182
|powder|	3.169527489553293
|	27.740494071053664
|	27.740494071053664
|	27.740494071053664
|	27.740494071053664
|grain	3.4705574852172743
|	27.740494071053664
frequently	1.6924062348336306
|	27.740494071053664
|	27.740494071053664
|	27.740494071053664
|	27.740494071053664
|	27.740494071053664
|	27.740494071053664
|	27.740494071053664
|	27.740494071053664
|	27.740494071053664
|	27.740494071053664
