|small	2.6254594452030173
?	4.623415678508945
|	57.02212670161031
?	4.713228265820875
||	4.383607768528891
?	4.588932452323186
|	57.02212670161031
?	2.5674674982253305
|	57.02212670161031
?	4.713228265820875
|	57.02212670161031
?	4.588932452323186
|	57.02212670161031
|partement	2.7715874808812555
|	57.02212670161031
?	2.055584137246456
idem	10.64067402197534
|	57.02212670161031
|	57.02212670161031
idem	10.64067402197534
|	57.02212670161031
|	57.02212670161031
|marquise	2.6924062348336304
|	57.02212670161031
|	57.02212670161031
|	57.02212670161031
idem	10.64067402197534
|	57.02212670161031
|	57.02212670161031
|double	2.6924062348336304
marquise	2.4291648000590493
|	57.02212670161031
?	1.8473081948193737
|	57.02212670161031
|	57.02212670161031
idem	10.64067402197534
|	57.02212670161031
|	57.02212670161031
|	57.02212670161031
doz	4.858329600118099
|	57.02212670161031
|	57.02212670161031
||	4.383607768528891
|	57.02212670161031
|	57.02212670161031
|	57.02212670161031
|	57.02212670161031
|ditto	4.858329600118099
doz	4.858329600118099
|	57.02212670161031
?	4.623415678508945
|	57.02212670161031
|	57.02212670161031
idem	10.64067402197534
|	57.02212670161031
|	57.02212670161031
|rocket	2.5674674982253305
|	57.02212670161031
?	3.169527489553293
|	57.02212670161031
?	2.7715874808812555
|	57.02212670161031
?	4.623415678508945
|	57.02212670161031
|	57.02212670161031
|ditto	4.858329600118099
