|	44.693018225586464
|	44.693018225586464
|	44.693018225586464
|	44.693018225586464
|light	3.169527489553293
troops	2.391376239169649
height	1.4291648000590491
without	3.5151132264227023
|	44.693018225586464
inches	5.286288605680111
|	44.693018225586464
inches	5.286288605680111
|	44.693018225586464
inches	5.286288605680111
|	44.693018225586464
inches	5.286288605680111
|	44.693018225586464
inches	5.286288605680111
folds	2.5163149757779495
|	44.693018225586464
|	44.693018225586464
|	44.693018225586464
?	3.082277119005963
|	44.693018225586464
|	44.693018225586464
circumference	2.4291648000590493
|	44.693018225586464
|	44.693018225586464
|	44.693018225586464
|	44.693018225586464
|	44.693018225586464
without	3.5151132264227023
|	44.693018225586464
|	44.693018225586464
?	2.055584137246456
|	44.693018225586464
?	3.082277119005963
|	44.693018225586464
diameter	1.0265126892991978
|	44.693018225586464
|	44.693018225586464
|	44.693018225586464
|	44.693018225586464
|	44.693018225586464
base	1.8077996535357002
without	3.5151132264227023
|	44.693018225586464
