|	55.48098814210733
|	55.48098814210733
|	55.48098814210733
|	55.48098814210733
|	55.48098814210733
|	55.48098814210733
|	55.48098814210733
|	55.48098814210733
|	55.48098814210733
|	55.48098814210733
|	55.48098814210733
|	55.48098814210733
|	55.48098814210733
|	55.48098814210733
|	55.48098814210733
|	55.48098814210733
|	55.48098814210733
|	55.48098814210733
|	55.48098814210733
|	55.48098814210733
|	55.48098814210733
|	55.48098814210733
|	55.48098814210733
|	55.48098814210733
|	55.48098814210733
|	55.48098814210733
|	55.48098814210733
|	55.48098814210733
|	55.48098814210733
|	55.48098814210733
|	55.48098814210733
|	55.48098814210733
|	55.48098814210733
|	55.48098814210733
|	55.48098814210733
|	55.48098814210733
prodigious	2.8684974938893117
celerity	2.7715874808812555
expansion	2.391376239169649
fired	1.3467058442501885
peculiar	1.7223694582110738
excellence	2.7715874808812555
circumstance	1.685227650206507
