|	32.36390974956261
|	32.36390974956261
|	32.36390974956261
iron	1.989772593785689
mounting	5.7369949877786235
|	32.36390974956261
|	32.36390974956261
|	32.36390974956261
charged	1.4213394625470925
carcass	3.342433871527385
|	32.36390974956261
|	32.36390974956261
|	32.36390974956261
height	1.4291648000590491
included	2.9934362304976116
|	32.36390974956261
|	32.36390974956261
|	32.36390974956261
enveloping	3.169527489553293
sacks	2.391376239169649
|	32.36390974956261
|	32.36390974956261
|	32.36390974956261
|	32.36390974956261
|	32.36390974956261
|	32.36390974956261
weight	1.3913762391696494
iron	1.989772593785689
mounting	5.7369949877786235
|	32.36390974956261
pounds	4.385871940366069
|	32.36390974956261
pounds	4.385871940366069
|	32.36390974956261
pounds	4.385871940366069
carcass	3.342433871527385
