size	1.303240150469098
|	69.35123517763417
|	69.35123517763417
|	69.35123517763417
|	69.35123517763417
|	69.35123517763417
|	69.35123517763417
do	5.9368788409371644
do	5.9368788409371644
|	69.35123517763417
|	69.35123517763417
|	69.35123517763417
|	69.35123517763417
|	69.35123517763417
|	69.35123517763417
do	5.9368788409371644
|	69.35123517763417
|	69.35123517763417
|	69.35123517763417
|	69.35123517763417
|	69.35123517763417
|	69.35123517763417
proportion	1.1442216242885228
|	69.35123517763417
|	69.35123517763417
|	69.35123517763417
|	69.35123517763417
|	69.35123517763417
|charcoal	2.9934362304976116
cer	1.0359885811830754
|	69.35123517763417
|	69.35123517763417
|	69.35123517763417
|	69.35123517763417
|	69.35123517763417
|tainly	3.4705574852172743
too	1.3667537642613172
do	5.9368788409371644
do	5.9368788409371644
|	69.35123517763417
|	69.35123517763417
|	69.35123517763417
|	69.35123517763417
|	69.35123517763417
?|	2.7715874808812555
do	5.9368788409371644
do	5.9368788409371644
|	69.35123517763417
|	69.35123517763417
|	69.35123517763417
|	69.35123517763417
|	69.35123517763417
|	69.35123517763417
do	5.9368788409371644
do	5.9368788409371644
|	69.35123517763417
|	69.35123517763417
|	69.35123517763417
|	69.35123517763417
|	69.35123517763417
|	69.35123517763417
