|	11.287020451465724
|	11.287020451465724
somerset	2.5608626947274646
|	11.287020451465724
prime	2.0045601939601774
vein	2.2184400139052585
|	11.287020451465724
jenner	3.2598326990634834
|	11.287020451465724
mine	1.0476450946595257
run	1.3407546066874096
|	11.287020451465724
|	11.287020451465724
|	11.287020451465724
|	11.287020451465724
|	11.287020451465724
|	11.287020451465724
proximate	1.1458893467566469
analysis	1.325334247819916
dry	1.2427993597647033
|b	1.5355568294626945
u|	3.2598326990634834
|	11.287020451465724
||	1.7283537820212285
|	11.287020451465724
|	11.287020451465724
|	11.287020451465724
|	11.287020451465724
|	11.287020451465724
|	11.287020451465724
|	11.287020451465724
|	11.287020451465724
authority	2.414734659049227
