|	19.752285790065017
height	1.5355568294626945
feet	1.35674271207154
|	19.752285790065017
normal	1.9376134043295643
|	19.752285790065017
ratio	1.3353118833352335
barometer	5.121725389454929
|	19.752285790065017
|	19.752285790065017
ratio	1.3353118833352335
increase	1.1458893467566469
|	19.752285790065017
|	19.752285790065017
above	1.1699275876240856
|	19.752285790065017
barometer	5.121725389454929
|	19.752285790065017
reading	1.4674410095652297
|	19.752285790065017
r?	3.2598326990634834
|	19.752285790065017
stack	1.30079130674239
|	19.752285790065017
|	19.752285790065017
sea	3.2940976846874963
level	3.315545415471042
|	19.752285790065017
|	19.752285790065017
sea	3.2940976846874963
level	3.315545415471042
|	19.752285790065017
|	19.752285790065017
diameter	1.5116446720572831
|	19.752285790065017
|	19.752285790065017
|	19.752285790065017
|	19.752285790065017
altitude	1.8796214573518775
|	19.752285790065017
|	19.752285790065017
|	19.752285790065017
|	19.752285790065017
|	19.752285790065017
|	19.752285790065017
|	19.752285790065017
|	19.752285790065017
|	19.752285790065017
|	19.752285790065017
|	19.752285790065017
|	19.752285790065017
|	19.752285790065017
|	19.752285790065017
