|	33.86106135439717
|	33.86106135439717
|	33.86106135439717
|	33.86106135439717
|	33.86106135439717
|	33.86106135439717
|	33.86106135439717
|	33.86106135439717
|	33.86106135439717
|	33.86106135439717
|	33.86106135439717
|	33.86106135439717
|	33.86106135439717
|	33.86106135439717
|	33.86106135439717
|	33.86106135439717
|	33.86106135439717
|	33.86106135439717
|	33.86106135439717
|	33.86106135439717
|	33.86106135439717
|	33.86106135439717
|	33.86106135439717
|	33.86106135439717
|	33.86106135439717
|	33.86106135439717
|	33.86106135439717
|	33.86106135439717
|	33.86106135439717
|	33.86106135439717
|	33.86106135439717
|	33.86106135439717
|	33.86106135439717
|	33.86106135439717
|	33.86106135439717
|	33.86106135439717
|	33.86106135439717
|	33.86106135439717
|	33.86106135439717
|	33.86106135439717
|	33.86106135439717
|	33.86106135439717
|	33.86106135439717
|	33.86106135439717
|	33.86106135439717
|	33.86106135439717
|	33.86106135439717
|	33.86106135439717
|	33.86106135439717
|	33.86106135439717
|	33.86106135439717
|	33.86106135439717
|	33.86106135439717
|	33.86106135439717
|	33.86106135439717
|	33.86106135439717
|	33.86106135439717
|	33.86106135439717
|	33.86106135439717
|	33.86106135439717
