|water	6.519665398126967
hour	1.4147346590492267
total	1.2304489213782739
pounds	2.009120387920355
|	23.70274294807802
|	23.70274294807802
|	23.70274294807802
|	23.70274294807802
|	23.70274294807802
|	23.70274294807802
|water	6.519665398126967
indicated	3.431529309426416
|	23.70274294807802
|	23.70274294807802
|	23.70274294807802
|	23.70274294807802
|	23.70274294807802
|	23.70274294807802
|	23.70274294807802
horse	2.2719621161927956
power	2.0286400624986674
pounds	2.009120387920355
|	23.70274294807802
|	23.70274294807802
|	23.70274294807802
|	23.70274294807802
|	23.70274294807802
|	23.70274294807802
|b	1.5355568294626945
minute	1.7283537820212285
|	23.70274294807802
|	23.70274294807802
|	23.70274294807802
|	23.70274294807802
|	23.70274294807802
|	23.70274294807802
|	23.70274294807802
indicated	3.431529309426416
horse	2.2719621161927956
power	2.0286400624986674
|	23.70274294807802
|	23.70274294807802
|	23.70274294807802
|	23.70274294807802
|	23.70274294807802
|	23.70274294807802
|per	2.5608626947274646
saving	3.2132403705762798
|	23.70274294807802
|	23.70274294807802
|	23.70274294807802
|	23.70274294807802
|	23.70274294807802
|	23.70274294807802
|percent	2.9588027033995026
saving	3.2132403705762798
|	23.70274294807802
|	23.70274294807802
|	23.70274294807802
|	23.70274294807802
