|	24.267093970651306
|	24.267093970651306
|	24.267093970651306
|	24.267093970651306
|	24.267093970651306
|	24.267093970651306
|	24.267093970651306
|	24.267093970651306
|	24.267093970651306
|	24.267093970651306
|	24.267093970651306
|	24.267093970651306
|	24.267093970651306
|	24.267093970651306
|	24.267093970651306
|	24.267093970651306
|	24.267093970651306
|	24.267093970651306
|	24.267093970651306
|	24.267093970651306
|	24.267093970651306
|	24.267093970651306
|	24.267093970651306
|	24.267093970651306
|	24.267093970651306
|	24.267093970651306
|	24.267093970651306
|	24.267093970651306
|	24.267093970651306
|	24.267093970651306
|	24.267093970651306
|	24.267093970651306
|	24.267093970651306
|	24.267093970651306
carpenter	2.5608626947274646
|	24.267093970651306
|	24.267093970651306
|	24.267093970651306
|	24.267093970651306
|	24.267093970651306
|	24.267093970651306
|	24.267093970651306
denton	2.9588027033995026
|	24.267093970651306
|	24.267093970651306
