|	24.267093970651306
|	24.267093970651306
|	24.267093970651306
|	24.267093970651306
|	24.267093970651306
|	24.267093970651306
|	24.267093970651306
carbon	2.196929393657017
dioxide	1.7827114443438212
|	24.267093970651306
|	24.267093970651306
|	24.267093970651306
|	24.267093970651306
=	2.2089933231968435
|	24.267093970651306
|	24.267093970651306
|	24.267093970651306
|	24.267093970651306
|	24.267093970651306
|	24.267093970651306
|	24.267093970651306
|	24.267093970651306
|	24.267093970651306
|	24.267093970651306
|	24.267093970651306
|	24.267093970651306
|	24.267093970651306
|	24.267093970651306
|	24.267093970651306
|	24.267093970651306
|	24.267093970651306
|	24.267093970651306
|	24.267093970651306
|	24.267093970651306
carbon	2.196929393657017
monoxide	1.8448593510926656
|	24.267093970651306
|	24.267093970651306
+	1.0293837776852097
|	24.267093970651306
|	24.267093970651306
=	2.2089933231968435
|	24.267093970651306
|	24.267093970651306
|	24.267093970651306
|	24.267093970651306
|	24.267093970651306
|	24.267093970651306
|	24.267093970651306
|	24.267093970651306
