|	31.03930624153074
|	31.03930624153074
|and	2.5608626947274646
|	31.03930624153074
|	31.03930624153074
|	31.03930624153074
|	31.03930624153074
|	31.03930624153074
|	31.03930624153074
|	31.03930624153074
|	31.03930624153074
|	31.03930624153074
|	31.03930624153074
oil	1.2056923030321638
|	31.03930624153074
oil	1.2056923030321638
|	31.03930624153074
|	31.03930624153074
|	31.03930624153074
|	31.03930624153074
|	31.03930624153074
|	31.03930624153074
|	31.03930624153074
|	31.03930624153074
|	31.03930624153074
|	31.03930624153074
|	31.03930624153074
fuel	1.6222527583168074
|	31.03930624153074
fuel	1.6222527583168074
|degrees|	2.414734659049227
|	31.03930624153074
|	31.03930624153074
|	31.03930624153074
|	31.03930624153074
|	31.03930624153074
|	31.03930624153074
|	31.03930624153074
|	31.03930624153074
|	31.03930624153074
|	31.03930624153074
|	31.03930624153074
|	31.03930624153074
|	31.03930624153074
|	31.03930624153074
|	31.03930624153074
|	31.03930624153074
|	31.03930624153074
|	31.03930624153074
|	31.03930624153074
|	31.03930624153074
|	31.03930624153074
heit	1.2304489213782739
|	31.03930624153074
|	31.03930624153074
|	31.03930624153074
|	31.03930624153074
|	31.03930624153074
|	31.03930624153074
|	31.03930624153074
|	31.03930624153074
pound	1.63470585999807
|	31.03930624153074
pounds	1.0045601939601776
oil	1.2056923030321638
equal	1.4745028640527165
pound	1.63470585999807
