kindling	5.5654228886876425
temperatures	1.2775614660239152
different	1.4745028640527165
fuels	3.0079156867819843
table	1.0503176845208526
kindling	5.5654228886876425
various	1.346018846679767
fuels	3.0079156867819843
|	14.67312658690544
|	14.67312658690544
|	14.67312658690544
|	14.67312658690544
|	14.67312658690544
|	14.67312658690544
|	14.67312658690544
|	14.67312658690544
fahrenheit	1.255511325280841
|	14.67312658690544
|	14.67312658690544
|	14.67312658690544
|	14.67312658690544
|	14.67312658690544
lignite	2.0837414400078025
dust	3.536942010458422
|	14.67312658690544
|	14.67312658690544
|	14.67312658690544
dried	2.145889346756647
peat	2.2184400139052585
|	14.67312658690544
|	14.67312658690544
|	14.67312658690544
sulphur	1.7827114443438212
|	14.67312658690544
|	14.67312658690544
|	14.67312658690544
anthracite	1.6163800225772962
dust	3.536942010458422
|	14.67312658690544
|	14.67312658690544
|	14.67312658690544
|	14.67312658690544
