|	26.52449806094445
grate	1.202927847727011
|square	2.48168144867984
feet|	2.6577727077355213
|	26.52449806094445
|	26.52449806094445
|	26.52449806094445
|	26.52449806094445
|	26.52449806094445
draft	2.4528178871530675
|	26.52449806094445
inches	4.07022813621462
|	26.52449806094445
|	26.52449806094445
|	26.52449806094445
|	26.52449806094445
|	26.52449806094445
|	26.52449806094445
draft	2.4528178871530675
damper	1.8981048630458908
|	26.52449806094445
inches	4.07022813621462
|	26.52449806094445
|	26.52449806094445
|	26.52449806094445
|	26.52449806094445
|	26.52449806094445
|	26.52449806094445
blast	1.636583408665583
grates	1.626364243483897
|	26.52449806094445
inches	4.07022813621462
|	26.52449806094445
|	26.52449806094445
|	26.52449806094445
|	26.52449806094445
|	26.52449806094445
|	26.52449806094445
exit	2.2598326990634834
|	26.52449806094445
f|	2.5608626947274646
|	26.52449806094445
|	26.52449806094445
|	26.52449806094445
|	26.52449806094445
|	26.52449806094445
|	26.52449806094445
cent	1.5453886471725942
|	26.52449806094445
|	26.52449806094445
|	26.52449806094445
|	26.52449806094445
|	26.52449806094445
|	26.52449806094445
flue	1.255511325280841
analysis	1.325334247819916
|	26.52449806094445
cent	1.5453886471725942
|	26.52449806094445
|	26.52449806094445
|	26.52449806094445
|	26.52449806094445
|	26.52449806094445
|	26.52449806094445
