|	16.3661796546253
|	16.3661796546253
|	16.3661796546253
|	16.3661796546253
|	16.3661796546253
|	16.3661796546253
|	16.3661796546253
|	16.3661796546253
|	16.3661796546253
|number|	2.5608626947274646
|	16.3661796546253
|	16.3661796546253
flue	1.255511325280841
analysis	1.325334247819916
|	16.3661796546253
|	16.3661796546253
|actual	2.9588027033995026
|	16.3661796546253
|	16.3661796546253
rated|co	3.2598326990634834
|	16.3661796546253
|	16.3661796546253
|	16.3661796546253
|	16.3661796546253
test	1.1231121319070767
|	16.3661796546253
|	16.3661796546253
|	16.3661796546253
|	16.3661796546253
|	16.3661796546253
|heating|develpd|	3.2598326990634834
cent	2.3180829707588915
|	16.3661796546253
cent	2.3180829707588915
|	16.3661796546253
cent	2.3180829707588915
|	16.3661796546253
|	16.3661796546253
|	16.3661796546253
