|	28.217551128664308
|	28.217551128664308
|	28.217551128664308
|	28.217551128664308
|	28.217551128664308
|	28.217551128664308
|	28.217551128664308
|	28.217551128664308
|	28.217551128664308
|	28.217551128664308
|	28.217551128664308
|	28.217551128664308
|	28.217551128664308
|	28.217551128664308
|	28.217551128664308
|	28.217551128664308
|	28.217551128664308
|	28.217551128664308
|	28.217551128664308
|	28.217551128664308
|	28.217551128664308
|	28.217551128664308
|	28.217551128664308
|	28.217551128664308
|	28.217551128664308
|	28.217551128664308
|	28.217551128664308
whitham	2.7827114443438212
|	28.217551128664308
|	28.217551128664308
|	28.217551128664308
|	28.217551128664308
|	28.217551128664308
|	28.217551128664308
|	28.217551128664308
|	28.217551128664308
|	28.217551128664308
|	28.217551128664308
|	28.217551128664308
|	28.217551128664308
|	28.217551128664308
|	28.217551128664308
|	28.217551128664308
|	28.217551128664308
|	28.217551128664308
|	28.217551128664308
|	28.217551128664308
|	28.217551128664308
|	28.217551128664308
|	28.217551128664308
|	28.217551128664308
