|	31.03930624153074
|	31.03930624153074
|	31.03930624153074
|	31.03930624153074
|	31.03930624153074
|	31.03930624153074
|	31.03930624153074
|	31.03930624153074
|	31.03930624153074
|	31.03930624153074
|	31.03930624153074
|	31.03930624153074
|	31.03930624153074
|	31.03930624153074
|	31.03930624153074
|	31.03930624153074
|	31.03930624153074
|	31.03930624153074
|	31.03930624153074
|	31.03930624153074
|	31.03930624153074
|	31.03930624153074
|	31.03930624153074
|	31.03930624153074
|	31.03930624153074
|	31.03930624153074
|	31.03930624153074
|	31.03930624153074
|	31.03930624153074
|	31.03930624153074
|	31.03930624153074
|	31.03930624153074
|	31.03930624153074
|	31.03930624153074
|	31.03930624153074
|	31.03930624153074
|	31.03930624153074
|	31.03930624153074
|	31.03930624153074
|	31.03930624153074
|	31.03930624153074
|	31.03930624153074
|	31.03930624153074
|	31.03930624153074
|	31.03930624153074
|	31.03930624153074
|	31.03930624153074
|	31.03930624153074
|	31.03930624153074
|	31.03930624153074
|	31.03930624153074
|	31.03930624153074
|	31.03930624153074
|	31.03930624153074
|	31.03930624153074
