|	18.059232722345158
state	1.2598326990634836
|	18.059232722345158
county	2.2184400139052585
|	18.059232722345158
field	1.8126746677212644
bed	1.2469954743583114
|	18.059232722345158
mine	1.0476450946595257
|	18.059232722345158
size	1.2775614660239152
|	18.059232722345158
|	18.059232722345158
|	18.059232722345158
|	18.059232722345158
vein	2.2184400139052585
|	18.059232722345158
|	18.059232722345158
|	18.059232722345158
|	18.059232722345158
|	18.059232722345158
|	18.059232722345158
|	18.059232722345158
|	18.059232722345158
|	18.059232722345158
|	18.059232722345158
|	18.059232722345158
|	18.059232722345158
|	18.059232722345158
|	18.059232722345158
|	18.059232722345158
|	18.059232722345158
|	18.059232722345158
|	18.059232722345158
|	18.059232722345158
|	18.059232722345158
|	18.059232722345158
|	18.059232722345158
fayette	2.48168144867984
|	18.059232722345158
new	1.460492149609902
riv	1.4889806874213394
