||	20.74024538425474
|	20.3166368126383
per	1.4492903438217162
hour	4.24420397714768
|	20.3166368126383
|	20.3166368126383
|	20.3166368126383
|	20.3166368126383
|	20.3166368126383
|	20.3166368126383
||	20.74024538425474
||	20.74024538425474
|b	3.071113658925389
per	1.4492903438217162
square	2.5826995010190967
foot	2.671106826003204
|	20.3166368126383
|	20.3166368126383
|	20.3166368126383
|	20.3166368126383
|	20.3166368126383
|	20.3166368126383
||	20.74024538425474
||	20.74024538425474
|	20.3166368126383
per	1.4492903438217162
hour	4.24420397714768
|	20.3166368126383
|	20.3166368126383
|	20.3166368126383
|	20.3166368126383
|	20.3166368126383
|	20.3166368126383
||	20.74024538425474
||	20.74024538425474
|b	3.071113658925389
per	1.4492903438217162
square	2.5826995010190967
foot	2.671106826003204
|	20.3166368126383
|	20.3166368126383
|	20.3166368126383
|	20.3166368126383
|	20.3166368126383
|	20.3166368126383
||	20.74024538425474
||	20.74024538425474
|	20.3166368126383
per	1.4492903438217162
hour	4.24420397714768
per	1.4492903438217162
|	20.3166368126383
|	20.3166368126383
|	20.3166368126383
|	20.3166368126383
|	20.3166368126383
|	20.3166368126383
||	20.74024538425474
||	20.74024538425474
|	20.3166368126383
difference	1.3965098389430277
|	20.3166368126383
|	20.3166368126383
||	20.74024538425474
+	1.0293837776852097
