|	6.772212270879434
||	5.185061346063685
corresponding	1.6066201852881399
absolute	1.5785914616878964
pressures	1.657772707735521
|	6.772212270879434
|	6.772212270879434
||	5.185061346063685
square	1.2913497505095484
inch	1.1137046633852454
first	1.3622056077730422
two	1.251232527301566
lines	1.7827114443438212
|	6.772212270879434
|	6.772212270879434
||	5.185061346063685
|	6.772212270879434
|	6.772212270879434
|	6.772212270879434
|	6.772212270879434
|	6.772212270879434
|	6.772212270879434
|	6.772212270879434
