|	16.3661796546253
|heit	2.7827114443438212
|	16.3661796546253
|	16.3661796546253
|	16.3661796546253
|	16.3661796546253
|	16.3661796546253
|	16.3661796546253
|	16.3661796546253
|	16.3661796546253
|	16.3661796546253
|	16.3661796546253
|	16.3661796546253
|	16.3661796546253
|	16.3661796546253
|	16.3661796546253
|	16.3661796546253
|	16.3661796546253
|	16.3661796546253
|	16.3661796546253
|	16.3661796546253
|	16.3661796546253
|	16.3661796546253
|	16.3661796546253
|	16.3661796546253
|	16.3661796546253
|	16.3661796546253
|	16.3661796546253
|	16.3661796546253
|	16.3661796546253
