|	28.217551128664308
|	28.217551128664308
|	28.217551128664308
|	28.217551128664308
|	28.217551128664308
|	28.217551128664308
|	28.217551128664308
|	28.217551128664308
|	28.217551128664308
|	28.217551128664308
|	28.217551128664308
|	28.217551128664308
|	28.217551128664308
|	28.217551128664308
|	28.217551128664308
|	28.217551128664308
|	28.217551128664308
|	28.217551128664308
|	28.217551128664308
|	28.217551128664308
|	28.217551128664308
|	28.217551128664308
|	28.217551128664308
|	28.217551128664308
|	28.217551128664308
|	28.217551128664308
|	28.217551128664308
|	28.217551128664308
|	28.217551128664308
|	28.217551128664308
|	28.217551128664308
|	28.217551128664308
|	28.217551128664308
|	28.217551128664308
|	28.217551128664308
|	28.217551128664308
|	28.217551128664308
|	28.217551128664308
|	28.217551128664308
|	28.217551128664308
|	28.217551128664308
|	28.217551128664308
|	28.217551128664308
|	28.217551128664308
|	28.217551128664308
|	28.217551128664308
|	28.217551128664308
|	28.217551128664308
|	28.217551128664308
|	28.217551128664308
