|	34.425412376970456
hour	1.4147346590492267
from	1.4669420622640181
|	34.425412376970456
|	34.425412376970456
|	34.425412376970456
|	34.425412376970456
|	34.425412376970456
|	34.425412376970456
|	34.425412376970456
|	34.425412376970456
|	34.425412376970456
from	1.4669420622640181
|	34.425412376970456
pounds	2.009120387920355
|	34.425412376970456
|	34.425412376970456
|	34.425412376970456
|	34.425412376970456
|	34.425412376970456
|	34.425412376970456
|	34.425412376970456
|	34.425412376970456
degrees	1.8919309573886605
|	34.425412376970456
|	34.425412376970456
|	34.425412376970456
|	34.425412376970456
|	34.425412376970456
|	34.425412376970456
|	34.425412376970456
|	34.425412376970456
|	34.425412376970456
|	34.425412376970456
|	34.425412376970456
|	34.425412376970456
|	34.425412376970456
|	34.425412376970456
|	34.425412376970456
|	34.425412376970456
|	34.425412376970456
|	34.425412376970456
evaporation	1.4674410095652297
from	1.4669420622640181
|	34.425412376970456
|	34.425412376970456
|	34.425412376970456
|	34.425412376970456
|	34.425412376970456
|	34.425412376970456
|	34.425412376970456
|	34.425412376970456
|	34.425412376970456
|	34.425412376970456
|	34.425412376970456
|	34.425412376970456
|	34.425412376970456
|	34.425412376970456
|	34.425412376970456
|	34.425412376970456
|	34.425412376970456
|	34.425412376970456
degrees	1.8919309573886605
|	34.425412376970456
pounds	2.009120387920355
|	34.425412376970456
|	34.425412376970456
|	34.425412376970456
|	34.425412376970456
|	34.425412376970456
