|	34.425412376970456
|	34.425412376970456
|	34.425412376970456
|	34.425412376970456
|	34.425412376970456
|	34.425412376970456
|	34.425412376970456
|	34.425412376970456
|	34.425412376970456
|	34.425412376970456
|	34.425412376970456
|	34.425412376970456
|	34.425412376970456
|	34.425412376970456
|	34.425412376970456
|	34.425412376970456
|	34.425412376970456
|	34.425412376970456
|	34.425412376970456
gauge	1.4964047055005463
|	34.425412376970456
pounds	1.0045601939601776
|	34.425412376970456
|	34.425412376970456
|	34.425412376970456
|	34.425412376970456
|	34.425412376970456
|	34.425412376970456
|	34.425412376970456
|	34.425412376970456
|	34.425412376970456
|	34.425412376970456
|	34.425412376970456
|	34.425412376970456
|	34.425412376970456
|	34.425412376970456
|	34.425412376970456
|	34.425412376970456
|	34.425412376970456
|	34.425412376970456
|	34.425412376970456
|	34.425412376970456
|	34.425412376970456
|	34.425412376970456
|	34.425412376970456
|	34.425412376970456
|	34.425412376970456
|	34.425412376970456
feed	1.132727900698676
|	34.425412376970456
|	34.425412376970456
|	34.425412376970456
|	34.425412376970456
|	34.425412376970456
|	34.425412376970456
|	34.425412376970456
|	34.425412376970456
|	34.425412376970456
|	34.425412376970456
|	34.425412376970456
|	34.425412376970456
|	34.425412376970456
|	34.425412376970456
|	34.425412376970456
