|	27.653200106091024
|	27.653200106091024
|	27.653200106091024
|	27.653200106091024
|	27.653200106091024
mixtures	2.9588027033995026
air	1.7484528509303428
saturated	1.5355568294626945
|	27.653200106091024
|	27.653200106091024
|	27.653200106091024
|	27.653200106091024
|	27.653200106091024
|	27.653200106091024
|	27.653200106091024
vapor	2.3613029060317174
|	27.653200106091024
|	27.653200106091024
|	27.653200106091024
|	27.653200106091024
|	27.653200106091024
|	27.653200106091024
|	27.653200106091024
|weight	2.35674271207154
cubic	1.4964047055005463
foot	1.335553413001602
|	27.653200106091024
|	27.653200106091024
|	27.653200106091024
|	27.653200106091024
|	27.653200106091024
|	27.653200106091024
|	27.653200106091024
|	27.653200106091024
|	27.653200106091024
|	27.653200106091024
mixture	1.9376134043295643
|	27.653200106091024
|	27.653200106091024
|	27.653200106091024
|	27.653200106091024
|	27.653200106091024
|	27.653200106091024
|	27.653200106091024
|	27.653200106091024
|	27.653200106091024
|	27.653200106091024
air	1.7484528509303428
vapor	2.3613029060317174
|	27.653200106091024
|	27.653200106091024
|	27.653200106091024
|	27.653200106091024
|	27.653200106091024
|	27.653200106091024
|	27.653200106091024
|	27.653200106091024
|	27.653200106091024
|	27.653200106091024
