|	12.980073519185582
|	12.980073519185582
|	12.980073519185582
|	12.980073519185582
|	12.980073519185582
|	12.980073519185582
|	12.980073519185582
|	12.980073519185582
|	12.980073519185582
|	12.980073519185582
|	12.980073519185582
|	12.980073519185582
|	12.980073519185582
|	12.980073519185582
|	12.980073519185582
md	2.5608626947274646
|	12.980073519185582
alleghany	2.9588027033995026
|	12.980073519185582
big	2.5608626947274646
vein	2.2184400139052585
|	12.980073519185582
|	12.980073519185582
|	12.980073519185582
|	12.980073519185582
|	12.980073519185582
|	12.980073519185582
george	2.5608626947274646
