|	22.00968988035816
md	12.804313473637324
|	22.00968988035816
alleghany	11.83521081359801
|	22.00968988035816
georges	9.77949809719045
creek	6.341113990155737
|	22.00968988035816
|	22.00968988035816
|	22.00968988035816
|	22.00968988035816
md	12.804313473637324
|	22.00968988035816
alleghany	11.83521081359801
|	22.00968988035816
georges	9.77949809719045
creek	6.341113990155737
|	22.00968988035816
|	22.00968988035816
|	22.00968988035816
|	22.00968988035816
md	12.804313473637324
|	22.00968988035816
alleghany	11.83521081359801
|	22.00968988035816
georges	9.77949809719045
creek	6.341113990155737
|	22.00968988035816
ocean	2.7827114443438212
|	22.00968988035816
mine	2.0952901893190514
run	2.6815092133748193
|	22.00968988035816
|	22.00968988035816
md	12.804313473637324
|	22.00968988035816
alleghany	11.83521081359801
|	22.00968988035816
cumberland	2.9588027033995026
|	22.00968988035816
|	22.00968988035816
|	22.00968988035816
|	22.00968988035816
md	12.804313473637324
|	22.00968988035816
garrett	3.2598326990634834
|	22.00968988035816
|	22.00968988035816
washington	2.2184400139052585
|	22.00968988035816
mine	2.0952901893190514
run	2.6815092133748193
|	22.00968988035816
|	22.00968988035816
|	22.00968988035816
|	22.00968988035816
|	22.00968988035816
|	22.00968988035816
|	22.00968988035816
|	22.00968988035816
|	22.00968988035816
bradford	2.9588027033995026
|	22.00968988035816
