|	18.623583744918445
state	1.2598326990634836
|	18.623583744918445
county	2.2184400139052585
|	18.623583744918445
field	1.8126746677212644
bed	1.2469954743583114
|	18.623583744918445
mine	1.0476450946595257
|	18.623583744918445
size	1.2775614660239152
|	18.623583744918445
|	18.623583744918445
|	18.623583744918445
|	18.623583744918445
vein	2.2184400139052585
|	18.623583744918445
|	18.623583744918445
|	18.623583744918445
|	18.623583744918445
|	18.623583744918445
|	18.623583744918445
|	18.623583744918445
|	18.623583744918445
|	18.623583744918445
|	18.623583744918445
|	18.623583744918445
|	18.623583744918445
|	18.623583744918445
|	18.623583744918445
|	18.623583744918445
|	18.623583744918445
|	18.623583744918445
|	18.623583744918445
|	18.623583744918445
|	18.623583744918445
|	18.623583744918445
|	18.623583744918445
ohio	2.3055901896241586
|	18.623583744918445
athens	2.9588027033995026
|	18.623583744918445
hocking	2.48168144867984
