|	22.00968988035816
kan	7.44504434603952
|	22.00968988035816
cherokee	11.83521081359801
|	22.00968988035816
cherokee	11.83521081359801
|	22.00968988035816
|	22.00968988035816
screenings	2.414734659049227
|	22.00968988035816
|	22.00968988035816
kan	7.44504434603952
|	22.00968988035816
cherokee	11.83521081359801
|	22.00968988035816
cherokee	11.83521081359801
|	22.00968988035816
|	22.00968988035816
lump	6.1671381492226764
|	22.00968988035816
|	22.00968988035816
kan	7.44504434603952
|	22.00968988035816
linn	2.9588027033995026
|	22.00968988035816
boicourt	3.2598326990634834
|	22.00968988035816
|	22.00968988035816
lump	6.1671381492226764
|	22.00968988035816
|	22.00968988035816
ky	6.088151333055629
|	22.00968988035816
bell	2.414734659049227
|	22.00968988035816
straight	2.055712716407559
creek	2.1137046633852457
|	22.00968988035816
|	22.00968988035816
mine	1.0476450946595257
run	1.3407546066874096
|	22.00968988035816
|	22.00968988035816
|	22.00968988035816
|	22.00968988035816
|	22.00968988035816
|	22.00968988035816
|	22.00968988035816
|	22.00968988035816
ky	6.088151333055629
|	22.00968988035816
hopkins	5.5654228886876425
|	22.00968988035816
bed	2.4939909487166227
|	22.00968988035816
earlington	3.2598326990634834
|	22.00968988035816
lump	6.1671381492226764
|	22.00968988035816
|	22.00968988035816
ky	6.088151333055629
|	22.00968988035816
hopkins	5.5654228886876425
|	22.00968988035816
bed	2.4939909487166227
