|	30.474955218957454
degrees	1.8919309573886605
|	30.474955218957454
degrees	1.8919309573886605
|	30.474955218957454
|	30.474955218957454
|	30.474955218957454
|	30.474955218957454
|	30.474955218957454
|	30.474955218957454
|	30.474955218957454
|	30.474955218957454
superheat	1.1106135864081037
|	30.474955218957454
|	30.474955218957454
|	30.474955218957454
|	30.474955218957454
|	30.474955218957454
|	30.474955218957454
|	30.474955218957454
|	30.474955218957454
|	30.474955218957454
|	30.474955218957454
|	30.474955218957454
|	30.474955218957454
|	30.474955218957454
|	30.474955218957454
|	30.474955218957454
|	30.474955218957454
|	30.474955218957454
|	30.474955218957454
factor	1.1991348587098718
|	30.474955218957454
|	30.474955218957454
|	30.474955218957454
|	30.474955218957454
|	30.474955218957454
|	30.474955218957454
|	30.474955218957454
|	30.474955218957454
|	30.474955218957454
evaporation	1.4674410095652297
|	30.474955218957454
|	30.474955218957454
|	30.474955218957454
|	30.474955218957454
|	30.474955218957454
|	30.474955218957454
|	30.474955218957454
|	30.474955218957454
|	30.474955218957454
|	30.474955218957454
|	30.474955218957454
draft	1.2264089435765337
|	30.474955218957454
inches	1.35674271207154
|	30.474955218957454
|	30.474955218957454
|	30.474955218957454
|	30.474955218957454
|	30.474955218957454
