|	22.574040902931447
||	3.456707564042457
square	1.2913497505095484
||	3.456707564042457
|	22.574040902931447
|	22.574040902931447
|	22.574040902931447
|foot	2.7827114443438212
|	22.574040902931447
|	22.574040902931447
|	22.574040902931447
|	22.574040902931447
nominal	2.1806514530158587
|	22.574040902931447
standard	1.3622056077730422
|	22.574040902931447
extra	3.625349335442529
|external|standard|	3.2598326990634834
extra	3.625349335442529
|	22.574040902931447
|	22.574040902931447
size	1.2775614660239152
|	22.574040902931447
|	22.574040902931447
strong	4.227409326770491
|surface	2.7827114443438212
|	22.574040902931447
|	22.574040902931447
strong	4.227409326770491
|	22.574040902931447
|	22.574040902931447
|	22.574040902931447
|	22.574040902931447
|	22.574040902931447
|	22.574040902931447
|	22.574040902931447
|	22.574040902931447
|	22.574040902931447
|	22.574040902931447
|	22.574040902931447
|	22.574040902931447
|	22.574040902931447
|	22.574040902931447
|	22.574040902931447
|	22.574040902931447
|	22.574040902931447
|	22.574040902931447
|	22.574040902931447
|	22.574040902931447
|	22.574040902931447
|	22.574040902931447
|	22.574040902931447
|	22.574040902931447
