|	27.653200106091024
nominal	2.1806514530158587
|	27.653200106091024
extra	7.250698670885058
|standard|	5.5654228886876425
extra	7.250698670885058
|	27.653200106091024
extra	7.250698670885058
|standard|	5.5654228886876425
extra	7.250698670885058
|	27.653200106091024
|	27.653200106091024
size	1.2775614660239152
|	27.653200106091024
strong	8.454818653540983
|	27.653200106091024
|	27.653200106091024
strong	8.454818653540983
|	27.653200106091024
strong	8.454818653540983
|	27.653200106091024
|	27.653200106091024
strong	8.454818653540983
|	27.653200106091024
|	27.653200106091024
|	27.653200106091024
|	27.653200106091024
|	27.653200106091024
|	27.653200106091024
|	27.653200106091024
|	27.653200106091024
|	27.653200106091024
|	27.653200106091024
|	27.653200106091024
|	27.653200106091024
|	27.653200106091024
|	27.653200106091024
|	27.653200106091024
|	27.653200106091024
|	27.653200106091024
|	27.653200106091024
|	27.653200106091024
|	27.653200106091024
|	27.653200106091024
|	27.653200106091024
|	27.653200106091024
|	27.653200106091024
|	27.653200106091024
|	27.653200106091024
|	27.653200106091024
|	27.653200106091024
|	27.653200106091024
|	27.653200106091024
|	27.653200106091024
|	27.653200106091024
|	27.653200106091024
|	27.653200106091024
|	27.653200106091024
|	27.653200106091024
|	27.653200106091024
|	27.653200106091024
