|	14.67312658690544
|	14.67312658690544
|	14.67312658690544
|	14.67312658690544
|	14.67312658690544
|	14.67312658690544
|	14.67312658690544
|	14.67312658690544
|	14.67312658690544
|	14.67312658690544
|	14.67312658690544
kind	1.8448593510926656
wood	1.587734841127766
|	14.67312658690544
nature	1.626364243483897
refuse	1.9588027033995024
|	14.67312658690544
moisture	1.2145097202768262
|	14.67312658690544
|	14.67312658690544
|	14.67312658690544
|	14.67312658690544
|	14.67312658690544
|	14.67312658690544
dry	1.2427993597647033
|	14.67312658690544
|	14.67312658690544
|	14.67312658690544
|	14.67312658690544
|	14.67312658690544
|	14.67312658690544
|	14.67312658690544
