|	24.267093970651306
|	24.267093970651306
|	24.267093970651306
|	24.267093970651306
|	24.267093970651306
|	24.267093970651306
|	24.267093970651306
|	24.267093970651306
|	24.267093970651306
|	24.267093970651306
|	24.267093970651306
|	24.267093970651306
heat	1.5489688030051614
|	24.267093970651306
latent	1.8796214573518775
|	24.267093970651306
total	1.2304489213782739
|	24.267093970651306
|	24.267093970651306
|	24.267093970651306
|	24.267093970651306
|	24.267093970651306
|	24.267093970651306
liquid|	3.2598326990634834
heat	1.5489688030051614
|	24.267093970651306
heat	1.5489688030051614
|	24.267093970651306
|	24.267093970651306
|	24.267093970651306
|	24.267093970651306
|	24.267093970651306
|	24.267093970651306
above	3.5097827628722564
|	24.267093970651306
above	3.5097827628722564
|	24.267093970651306
above	3.5097827628722564
|density	3.2598326990634834
or|	2.9588027033995026
|	24.267093970651306
|	24.267093970651306
absolute	1.5785914616878964
|	24.267093970651306
|	24.267093970651306
|	24.267093970651306
|	24.267093970651306
|weight	2.35674271207154
per|	2.48168144867984
|	24.267093970651306
vacuum	2.145889346756647
|	24.267093970651306
|	24.267093970651306
fahren	1.2304489213782739
|	24.267093970651306
grees	2.8315870608196976
|	24.267093970651306
grees	2.8315870608196976
|	24.267093970651306
grees	2.8315870608196976
|cubic	2.414734659049227
foot|	2.48168144867984
|ins	3.2598326990634834
pounds	1.0045601939601776
|	24.267093970651306
heit	1.2304489213782739
|	24.267093970651306
|b	1.5355568294626945
u|b	3.2598326990634834
u|	3.2598326990634834
