|	16.3661796546253
glycerine	3.2598326990634834
|	16.3661796546253
|	16.3661796546253
|	16.3661796546253
|	16.3661796546253
lead	1.626364243483897
melted	7.973318123206564
|	16.3661796546253
|	16.3661796546253
|	16.3661796546253
|	16.3661796546253
sulphur	1.7827114443438212
melted	7.973318123206564
|	16.3661796546253
|	16.3661796546253
|	16.3661796546253
|	16.3661796546253
melted	7.973318123206564
|	16.3661796546253
|	16.3661796546253
|	16.3661796546253
|	16.3661796546253
sea	3.2940976846874963
water	1.1922635473476708
sp	1.302613330972579
|	16.3661796546253
|	16.3661796546253
|	16.3661796546253
|	16.3661796546253
sea	3.2940976846874963
water	1.1922635473476708
sp	1.302613330972579
|	16.3661796546253
|	16.3661796546253
|	16.3661796546253
|	16.3661796546253
turpentine	3.2598326990634834
|	16.3661796546253
|	16.3661796546253
|	16.3661796546253
|	16.3661796546253
petroleu	2.1806514530158587
