||	15.555184038191056
|	17.49488169977187
|	17.49488169977187
|	17.49488169977187
|	17.49488169977187
|	17.49488169977187
|	17.49488169977187
|btu	3.2598326990634834
||	15.555184038191056
||	15.555184038191056
|	17.49488169977187
|	17.49488169977187
|	17.49488169977187
|	17.49488169977187
|	17.49488169977187
|	17.49488169977187
|	17.49488169977187
||	15.555184038191056
||	15.555184038191056
source	2.055712716407559
|moisture|	3.2598326990634834
|	17.49488169977187
|	17.49488169977187
|	17.49488169977187
|	17.49488169977187
ash	1.1806514530158587
|	17.49488169977187
||	15.555184038191056
||	15.555184038191056
|	17.49488169977187
|	17.49488169977187
|	17.49488169977187
|	17.49488169977187
|	17.49488169977187
|	17.49488169977187
|	17.49488169977187
dry	1.2427993597647033
||	15.555184038191056
||	15.555184038191056
|	17.49488169977187
|	17.49488169977187
|	17.49488169977187
|	17.49488169977187
|	17.49488169977187
|	17.49488169977187
|bagasse||	3.2598326990634834
||c	2.5608626947274646
