|	31.03930624153074
|	31.03930624153074
|	31.03930624153074
|	31.03930624153074
|	31.03930624153074
|	31.03930624153074
|	31.03930624153074
|	31.03930624153074
|	31.03930624153074
|	31.03930624153074
|	31.03930624153074
|	31.03930624153074
|	31.03930624153074
|	31.03930624153074
|	31.03930624153074
|	31.03930624153074
|	31.03930624153074
|	31.03930624153074
|	31.03930624153074
|	31.03930624153074
|	31.03930624153074
|	31.03930624153074
|	31.03930624153074
|	31.03930624153074
|	31.03930624153074
|	31.03930624153074
|	31.03930624153074
|	31.03930624153074
|	31.03930624153074
|	31.03930624153074
|	31.03930624153074
|	31.03930624153074
|	31.03930624153074
|	31.03930624153074
|	31.03930624153074
|	31.03930624153074
|	31.03930624153074
|	31.03930624153074
|	31.03930624153074
|	31.03930624153074
|	31.03930624153074
|	31.03930624153074
|	31.03930624153074
|	31.03930624153074
|	31.03930624153074
|	31.03930624153074
|	31.03930624153074
|	31.03930624153074
|	31.03930624153074
|	31.03930624153074
|	31.03930624153074
|	31.03930624153074
|	31.03930624153074
|	31.03930624153074
|	31.03930624153074
factor	1.1991348587098718
evaporation	1.4674410095652297
superheated	1.402500202632215
superheat	1.1106135864081037
present	1.2386433999935456
during	1.6916309749964886
trial	1.6916309749964886
