|	13.544424541758868
|	13.544424541758868
|	13.544424541758868
|	13.544424541758868
|	13.544424541758868
|	13.544424541758868
heit	1.2304489213782739
|	13.544424541758868
|	13.544424541758868
|	13.544424541758868
|	13.544424541758868
|	13.544424541758868
|	13.544424541758868
|	13.544424541758868
|	13.544424541758868
|	13.544424541758868
|barrel	3.2598326990634834
|	13.544424541758868
|	13.544424541758868
|	13.544424541758868
|	13.544424541758868
|of	2.3055901896241586
|	13.544424541758868
|	13.544424541758868
|	13.544424541758868
|	13.544424541758868
|	13.544424541758868
