|	13.544424541758868
|	13.544424541758868
temperature|	2.2184400139052585
|	13.544424541758868
|	13.544424541758868
|	13.544424541758868
|	13.544424541758868
specific	1.3677380963730033
|	13.544424541758868
|	13.544424541758868
|	13.544424541758868
fahrenheit	1.255511325280841
|	13.544424541758868
|	13.544424541758868
|	13.544424541758868
copper	2.414734659049227
|	13.544424541758868
|	13.544424541758868
|	13.544424541758868
|	13.544424541758868
gold	2.48168144867984
|	13.544424541758868
|	13.544424541758868
|	13.544424541758868
|	13.544424541758868
wrought	1.7546827207435776
iron	1.4964047055005463
|	13.544424541758868
|	13.544424541758868
|	13.544424541758868
|	13.544424541758868
cast	1.6916309749964886
iro	1.4745028640527165
