|	23.138391925504735
|	23.138391925504735
|	23.138391925504735
|	23.138391925504735
|	23.138391925504735
|	23.138391925504735
|	23.138391925504735
|	23.138391925504735
|	23.138391925504735
|	23.138391925504735
|	23.138391925504735
|	23.138391925504735
|	23.138391925504735
|	23.138391925504735
|	23.138391925504735
|	23.138391925504735
|	23.138391925504735
|	23.138391925504735
|	23.138391925504735
|	23.138391925504735
|	23.138391925504735
|	23.138391925504735
carbon	3.2953940904855257
|	23.138391925504735
|	23.138391925504735
|	23.138391925504735
|	23.138391925504735
|	23.138391925504735
|	23.138391925504735
|	23.138391925504735
carbon	3.2953940904855257
|	23.138391925504735
|	23.138391925504735
|	23.138391925504735
|	23.138391925504735
|	23.138391925504735
|	23.138391925504735
|	23.138391925504735
carbon	3.2953940904855257
monoxide	1.8448593510926656
|	23.138391925504735
|	23.138391925504735
|	23.138391925504735
|	23.138391925504735
|	23.138391925504735
