|	41.761975670423176
|	41.761975670423176
|	41.761975670423176
|	41.761975670423176
|	41.761975670423176
|	41.761975670423176
|	41.761975670423176
|	41.761975670423176
|	41.761975670423176
|	41.761975670423176
|	41.761975670423176
|	41.761975670423176
|	41.761975670423176
|	41.761975670423176
||	10.37012269212737
|	41.761975670423176
|	41.761975670423176
|	41.761975670423176
|	41.761975670423176
|	41.761975670423176
|	41.761975670423176
|	41.761975670423176
|	41.761975670423176
|	41.761975670423176
|	41.761975670423176
||	10.37012269212737
|	41.761975670423176
|	41.761975670423176
|	41.761975670423176
|	41.761975670423176
|	41.761975670423176
|	41.761975670423176
|	41.761975670423176
|	41.761975670423176
|	41.761975670423176
|	41.761975670423176
||	10.37012269212737
|	41.761975670423176
|	41.761975670423176
|	41.761975670423176
|	41.761975670423176
|	41.761975670423176
|	41.761975670423176
|	41.761975670423176
|	41.761975670423176
|	41.761975670423176
|	41.761975670423176
||	10.37012269212737
|	41.761975670423176
|	41.761975670423176
|	41.761975670423176
|	41.761975670423176
|	41.761975670423176
|	41.761975670423176
|	41.761975670423176
|	41.761975670423176
|	41.761975670423176
|	41.761975670423176
||	10.37012269212737
|	41.761975670423176
|	41.761975670423176
|	41.761975670423176
|	41.761975670423176
|	41.761975670423176
|	41.761975670423176
|	41.761975670423176
|	41.761975670423176
|	41.761975670423176
|	41.761975670423176
||	10.37012269212737
|	41.761975670423176
|	41.761975670423176
|	41.761975670423176
|	41.761975670423176
|	41.761975670423176
|	41.761975670423176
|	41.761975670423176
|	41.761975670423176
|	41.761975670423176
|	41.761975670423176
