|	21.445338857784876
|	21.445338857784876
through	1.8114485198321653
|	21.445338857784876
over	1.6797539011474514
|	21.445338857784876
through	1.8114485198321653
|	21.445338857784876
over	1.6797539011474514
|	21.445338857784876
|	21.445338857784876
|	21.445338857784876
inches	5.42697084828616
|	21.445338857784876
inches	5.42697084828616
|	21.445338857784876
inches	5.42697084828616
|	21.445338857784876
inches	5.42697084828616
|	21.445338857784876
|	21.445338857784876
|	21.445338857784876
|	21.445338857784876
|	21.445338857784876
|	21.445338857784876
|	21.445338857784876
|	21.445338857784876
broken	2.35674271207154
|	21.445338857784876
|	21.445338857784876
|	21.445338857784876
|	21.445338857784876
|	21.445338857784876
|	21.445338857784876
egg	2.7827114443438212
|	21.445338857784876
|	21.445338857784876
|	21.445338857784876
|	21.445338857784876
|	21.445338857784876
|	21.445338857784876
stove	2.7827114443438212
|	21.445338857784876
|	21.445338857784876
|	21.445338857784876
|	21.445338857784876
|	21.445338857784876
|	21.445338857784876
chestnut	2.9588027033995026
|	21.445338857784876
