|	32.16800828667731
|	32.16800828667731
|	32.16800828667731
|	32.16800828667731
|	32.16800828667731
|	32.16800828667731
|	32.16800828667731
|	32.16800828667731
|	32.16800828667731
|	32.16800828667731
|	32.16800828667731
|	32.16800828667731
|	32.16800828667731
|	32.16800828667731
|	32.16800828667731
|	32.16800828667731
|	32.16800828667731
|	32.16800828667731
|	32.16800828667731
|	32.16800828667731
|	32.16800828667731
|	32.16800828667731
|	32.16800828667731
|	32.16800828667731
|	32.16800828667731
|	32.16800828667731
|	32.16800828667731
|	32.16800828667731
|	32.16800828667731
|	32.16800828667731
|	32.16800828667731
|	32.16800828667731
|	32.16800828667731
|	32.16800828667731
|	32.16800828667731
|	32.16800828667731
|	32.16800828667731
|	32.16800828667731
|	32.16800828667731
|	32.16800828667731
|	32.16800828667731
|	32.16800828667731
|	32.16800828667731
|	32.16800828667731
|	32.16800828667731
|	32.16800828667731
|	32.16800828667731
|	32.16800828667731
|	32.16800828667731
|	32.16800828667731
|	32.16800828667731
|	32.16800828667731
|	32.16800828667731
|	32.16800828667731
|	32.16800828667731
|	32.16800828667731
|	32.16800828667731
