|	22.00968988035816
ohio	11.527950948120793
|	22.00968988035816
jefferson	5.5654228886876425
|	22.00968988035816
pittsburgh	4.0587675553704194
|	22.00968988035816
crow	2.6577727077355213
hollow	2.7827114443438212
|	22.00968988035816
?	4.611180379248317
inch	2.227409326770491
|	22.00968988035816
|	22.00968988035816
|	22.00968988035816
|	22.00968988035816
no	1.1099129334158855
|	22.00968988035816
|	22.00968988035816
|	22.00968988035816
|	22.00968988035816
ohio	11.527950948120793
|	22.00968988035816
jefferson	5.5654228886876425
|	22.00968988035816
pittsburgh	4.0587675553704194
|	22.00968988035816
rush	2.1806514530158587
run	1.3407546066874096
no	1.1099129334158855
|	22.00968988035816
?	4.611180379248317
inch	2.227409326770491
|	22.00968988035816
|	22.00968988035816
|	22.00968988035816
|	22.00968988035816
no	1.1099129334158855
|	22.00968988035816
|	22.00968988035816
|	22.00968988035816
|	22.00968988035816
ohio	11.527950948120793
|	22.00968988035816
perry	2.6577727077355213
|	22.00968988035816
hocking	2.48168144867984
|	22.00968988035816
congo	3.2598326990634834
|	22.00968988035816
|	22.00968988035816
|	22.00968988035816
ohio	11.527950948120793
|	22.00968988035816
stark	2.9588027033995026
|	22.00968988035816
massillon	3.2598326990634834
|	22.00968988035816
|	22.00968988035816
slack	2.0045601939601774
|	22.00968988035816
|	22.00968988035816
ohio	11.527950948120793
|	22.00968988035816
vinton	3.2598326990634834
|	22.00968988035816
brookvi	2.9588027033995026
