|	15.237477609478727
|	15.237477609478727
|	15.237477609478727
|	15.237477609478727
coal	1.6633958100693895
|	15.237477609478727
|	15.237477609478727
|	15.237477609478727
|	15.237477609478727
morgan	8.348134333031464
|	15.237477609478727
morgan	8.348134333031464
|	15.237477609478727
morgan	8.348134333031464
|	15.237477609478727
mine	1.0476450946595257
run	1.3407546066874096
|	15.237477609478727
|	15.237477609478727
|	15.237477609478727
|	15.237477609478727
|	15.237477609478727
coal	1.6633958100693895
|	15.237477609478727
|	15.237477609478727
|	15.237477609478727
|	15.237477609478727
putnam	2.9588027033995026
|	15.237477609478727
mendotta	6.519665398126967
|	15.237477609478727
mendotta	6.519665398126967
|	15.237477609478727
|	15.237477609478727
|	15.237477609478727
mckinley	3.2598326990634834
|	15.237477609478727
gallup	3.2598326990634834
|	15.237477609478727
gibson	3.2598326990634834
|pea	2.7827114443438212
slack|	2.9588027033995026
