|	24.831444993224594
|	24.831444993224594
|	24.831444993224594
|	24.831444993224594
|	24.831444993224594
|	24.831444993224594
|	24.831444993224594
|	24.831444993224594
|	24.831444993224594
|	24.831444993224594
foot	1.335553413001602
|	24.831444993224594
|	24.831444993224594
|	24.831444993224594
|	24.831444993224594
|	24.831444993224594
|	24.831444993224594
|	24.831444993224594
|	24.831444993224594
|	24.831444993224594
|	24.831444993224594
|calcul	3.2598326990634834
|	24.831444993224594
|	24.831444993224594
|	24.831444993224594
|	24.831444993224594
|	24.831444993224594
|	24.831444993224594
|	24.831444993224594
|	24.831444993224594
|	24.831444993224594
|	24.831444993224594
|anderson	3.2598326990634834
ind	2.6443043943460376
|	24.831444993224594
||	8.641768910106142
|	24.831444993224594
|	24.831444993224594
||	8.641768910106142
|	24.831444993224594
|	24.831444993224594
|	24.831444993224594
|marion	3.2598326990634834
ind	2.6443043943460376
|	24.831444993224594
||	8.641768910106142
|	24.831444993224594
|	24.831444993224594
||	8.641768910106142
|	24.831444993224594
|	24.831444993224594
|	24.831444993224594
|muncie	3.2598326990634834
ind	2.6443043943460376
|	24.831444993224594
||	8.641768910106142
|	24.831444993224594
