||cuba	13.039330796253934
|	25.960147038371165
|	25.960147038371165
|	25.960147038371165
|	25.960147038371165
|	25.960147038371165
|	25.960147038371165
|	25.960147038371165
||	12.0984764741486
||cuba	13.039330796253934
|	25.960147038371165
|	25.960147038371165
|	25.960147038371165
|	25.960147038371165
|	25.960147038371165
|	25.960147038371165
|	25.960147038371165
||	12.0984764741486
||cuba	13.039330796253934
|	25.960147038371165
|	25.960147038371165
|	25.960147038371165
|	25.960147038371165
|	25.960147038371165
|	25.960147038371165
|	25.960147038371165
||	12.0984764741486
||cuba	13.039330796253934
|	25.960147038371165
|	25.960147038371165
|	25.960147038371165
|	25.960147038371165
|	25.960147038371165
|	25.960147038371165
|	25.960147038371165
||	12.0984764741486
||porto	9.77949809719045
rico|	9.77949809719045
|	25.960147038371165
|	25.960147038371165
|	25.960147038371165
|	25.960147038371165
|	25.960147038371165
|	25.960147038371165
||	12.0984764741486
||porto	9.77949809719045
rico|	9.77949809719045
|	25.960147038371165
|	25.960147038371165
|	25.960147038371165
|	25.960147038371165
|	25.960147038371165
|	25.960147038371165
||	12.0984764741486
||porto	9.77949809719045
rico|	9.77949809719045
|	25.960147038371165
|	25.960147038371165
|	25.960147038371165
|	25.960147038371165
|	25.960147038371165
|	25.960147038371165
||	12.0984764741486
||l	2.7827114443438212
