|	25.395796015797877
|	25.395796015797877
|	25.395796015797877
|	25.395796015797877
|	25.395796015797877
|	25.395796015797877
|	25.395796015797877
|	25.395796015797877
|	25.395796015797877
|	25.395796015797877
|	25.395796015797877
|	25.395796015797877
|	25.395796015797877
|	25.395796015797877
|	25.395796015797877
|	25.395796015797877
|	25.395796015797877
|	25.395796015797877
|	25.395796015797877
|	25.395796015797877
|	25.395796015797877
|	25.395796015797877
|	25.395796015797877
|	25.395796015797877
|	25.395796015797877
|	25.395796015797877
|	25.395796015797877
|	25.395796015797877
|	25.395796015797877
|	25.395796015797877
|	25.395796015797877
|	25.395796015797877
|	25.395796015797877
|	25.395796015797877
|	25.395796015797877
|	25.395796015797877
|	25.395796015797877
|	25.395796015797877
|	25.395796015797877
|	25.395796015797877
|	25.395796015797877
|	25.395796015797877
|	25.395796015797877
|	25.395796015797877
|	25.395796015797877
