table	1.0503176845208526
anthracite	1.6163800225772962
sizes	1.7974347011645275
|	10.15831840631915
|	10.15831840631915
|	10.15831840631915
|	10.15831840631915
|	10.15831840631915
|	10.15831840631915
|	10.15831840631915
testing	1.8981048630458908
segments	3.2598326990634834
|	10.15831840631915
|	10.15831840631915
|	10.15831840631915
round	1.6687680920369843
mesh	6.519665398126967
|	10.15831840631915
standard	1.3622056077730422
square	1.2913497505095484
|	10.15831840631915
|	10.15831840631915
|	10.15831840631915
|	10.15831840631915
mesh	6.519665398126967
|	10.15831840631915
|	10.15831840631915
trade	2.7827114443438212
name	1.8448593510926656
|	10.15831840631915
