||	24.1969529482972
based	1.7035301982961963
upon	1.3513476801848339
cane	2.2184400139052585
cent	1.5453886471725942
fiber	2.1806514530158587
juice	2.2184400139052585
containing	1.6687680920369843
||	24.1969529482972
||	24.1969529482972
cent	1.5453886471725942
solid	1.7283537820212285
matter	1.460492149609902
representing	2.3055901896241586
tropical	3.2598326990634834
conditions	1.0695010008931922
||	24.1969529482972
||	24.1969529482972
||	24.1969529482972
|	6.772212270879434
|	6.772212270879434
|	6.772212270879434
||	24.1969529482972
||	24.1969529482972
|	6.772212270879434
|	6.772212270879434
|	6.772212270879434
||	24.1969529482972
||	24.1969529482972
|	6.772212270879434
|	6.772212270879434
|	6.772212270879434
||	24.1969529482972
||	24.1969529482972
|	6.772212270879434
|	6.772212270879434
|	6.772212270879434
||	24.1969529482972
||	24.1969529482972
