|	26.52449806094445
|	26.52449806094445
|	26.52449806094445
|	26.52449806094445
|	26.52449806094445
|	26.52449806094445
|	26.52449806094445
|	26.52449806094445
|	26.52449806094445
|	26.52449806094445
|	26.52449806094445
|	26.52449806094445
|	26.52449806094445
|	26.52449806094445
|	26.52449806094445
|	26.52449806094445
|	26.52449806094445
|	26.52449806094445
|	26.52449806094445
|	26.52449806094445
|	26.52449806094445
|	26.52449806094445
|	26.52449806094445
|	26.52449806094445
|	26.52449806094445
|	26.52449806094445
|	26.52449806094445
|	26.52449806094445
|	26.52449806094445
|	26.52449806094445
|	26.52449806094445
|	26.52449806094445
|	26.52449806094445
|	26.52449806094445
|	26.52449806094445
|	26.52449806094445
|	26.52449806094445
|	26.52449806094445
|	26.52449806094445
|	26.52449806094445
|	26.52449806094445
|	26.52449806094445
|	26.52449806094445
|	26.52449806094445
|	26.52449806094445
|	26.52449806094445
|	26.52449806094445
