|	16.3661796546253
|	16.3661796546253
|	16.3661796546253
|	16.3661796546253
|	16.3661796546253
|	16.3661796546253
lignites	2.7827114443438212
lignitic	3.2598326990634834
coals	1.5355568294626945
|	16.3661796546253
|	16.3661796546253
|	16.3661796546253
|	16.3661796546253
|	16.3661796546253
|	16.3661796546253
|	16.3661796546253
|	16.3661796546253
|	16.3661796546253
col	3.667218603368579
|	16.3661796546253
boulder	2.9588027033995026
|	16.3661796546253
|	16.3661796546253
rex	3.2598326990634834
|	16.3661796546253
|	16.3661796546253
|	16.3661796546253
col	3.667218603368579
|	16.3661796546253
paso	6.519665398126967
|	16.3661796546253
|	16.3661796546253
curtis	2.7827114443438212
|	16.3661796546253
|	16.3661796546253
|	16.3661796546253
col	3.667218603368579
|	16.3661796546253
paso	6.519665398126967
|	16.3661796546253
