|	25.960147038371165
|	25.960147038371165
|	25.960147038371165
|	25.960147038371165
|	25.960147038371165
|freezing	3.2598326990634834
point	2.0690468346752415
|	25.960147038371165
|	25.960147038371165
|	25.960147038371165
|	25.960147038371165
|maximum	3.2598326990634834
density|	3.2598326990634834
|	25.960147038371165
|	25.960147038371165
|	25.960147038371165
|	25.960147038371165
|	25.960147038371165
|	25.960147038371165
|	25.960147038371165
|	25.960147038371165
|	25.960147038371165
|	25.960147038371165
|	25.960147038371165
|	25.960147038371165
|	25.960147038371165
|	25.960147038371165
|	25.960147038371165
|	25.960147038371165
|	25.960147038371165
|	25.960147038371165
|	25.960147038371165
|	25.960147038371165
|	25.960147038371165
|	25.960147038371165
|	25.960147038371165
|	25.960147038371165
|	25.960147038371165
|	25.960147038371165
|	25.960147038371165
|	25.960147038371165
|boiling	2.9588027033995026
point	2.0690468346752415
|	25.960147038371165
|	25.960147038371165
|	25.960147038371165
|	25.960147038371165
|	25.960147038371165
|	25.960147038371165
|	25.960147038371165
|	25.960147038371165
|	25.960147038371165
