|	14.67312658690544
pump	1.6470488423437482
feeding	6.1671381492226764
|	14.67312658690544
|	14.67312658690544
|	14.67312658690544
|	14.67312658690544
water	1.1922635473476708
degrees	1.8919309573886605
without	3.0389400191384794
|	14.67312658690544
|	14.67312658690544
|	14.67312658690544
|	14.67312658690544
heater	2.7580382135653845
|	14.67312658690544
|	14.67312658690544
|	14.67312658690544
|	14.67312658690544
|	14.67312658690544
|	14.67312658690544
|	14.67312658690544
|	14.67312658690544
injector	4.71348542414308
feeding	6.1671381492226764
water	1.1922635473476708
|	14.67312658690544
|	14.67312658690544
|	14.67312658690544
|	14.67312658690544
degrees	1.8919309573886605
without	3.0389400191384794
heater	2.7580382135653845
|	14.67312658690544
|	14.67312658690544
|	14.67312658690544
|	14.67312658690544
injector	4.71348542414308
feeding	6.1671381492226764
|	14.67312658690544
