|california	13.913557221719106
bakersfield	6.519665398126967
|	14.108775564332154
|	14.108775564332154
|	14.108775564332154
|	14.108775564332154
||	6.913415128084914
|	14.108775564332154
|	14.108775564332154
|california	13.913557221719106
bakersfield	6.519665398126967
|	14.108775564332154
|	14.108775564332154
||	6.913415128084914
||	6.913415128084914
|	14.108775564332154
|	14.108775564332154
|california	13.913557221719106
kern	3.2598326990634834
river	2.2184400139052585
|	14.108775564332154
|	14.108775564332154
|	14.108775564332154
|	14.108775564332154
wilcox	2.0536731773426595
|	14.108775564332154
|california	13.913557221719106
los	1.7592429147037552
angeles	5.315545415471043
|	14.108775564332154
|	14.108775564332154
||	6.913415128084914
|	14.108775564332154
|	14.108775564332154
|	14.108775564332154
wilcox	2.0536731773426595
|	14.108775564332154
|california	13.913557221719106
los	1.7592429147037552
angeles	5.315545415471043
|	14.108775564332154
|	14.108775564332154
|	14.108775564332154
|	14.108775564332154
wilco	1.0243042521559347
