|	24.267093970651306
|	24.267093970651306
|	24.267093970651306
|	24.267093970651306
|	24.267093970651306
|	24.267093970651306
|	24.267093970651306
|	24.267093970651306
|	24.267093970651306
|	24.267093970651306
|	24.267093970651306
|	24.267093970651306
|	24.267093970651306
|	24.267093970651306
|	24.267093970651306
|	24.267093970651306
|	24.267093970651306
|	24.267093970651306
|	24.267093970651306
|	24.267093970651306
|	24.267093970651306
|	24.267093970651306
|	24.267093970651306
|	24.267093970651306
|	24.267093970651306
|	24.267093970651306
|	24.267093970651306
|	24.267093970651306
|	24.267093970651306
|	24.267093970651306
|	24.267093970651306
|	24.267093970651306
|	24.267093970651306
|	24.267093970651306
|	24.267093970651306
|	24.267093970651306
|	24.267093970651306
|	24.267093970651306
|	24.267093970651306
|	24.267093970651306
|	24.267093970651306
|	24.267093970651306
|	24.267093970651306
