|	16.930530677198586
|	16.930530677198586
|	16.930530677198586
|	16.930530677198586
|	16.930530677198586
proximate	1.1458893467566469
analysis	1.325334247819916
dry	2.4855987195294067
coal	1.6633958100693895
|b	1.5355568294626945
u|	3.2598326990634834
|	16.930530677198586
||	1.7283537820212285
|	16.930530677198586
|	16.930530677198586
|	16.930530677198586
|	16.930530677198586
|	16.930530677198586
|	16.930530677198586
|	16.930530677198586
|	16.930530677198586
authority	2.414734659049227
|	16.930530677198586
|	16.930530677198586
moisture	1.2145097202768262
|	16.930530677198586
volatile	1.715764654713208
|	16.930530677198586
fixed	1.6800491024466735
|	16.930530677198586
ash	1.1806514530158587
|	16.930530677198586
dry	2.4855987195294067
|	16.930530677198586
|	16.930530677198586
|	16.930530677198586
|	16.930530677198586
matter	1.460492149609902
|	16.930530677198586
carbon	1.0984646968285086
|	16.930530677198586
|	16.930530677198586
coal	1.6633958100693895
|	16.930530677198586
|	16.930530677198586
|	16.930530677198586
