table	2.1006353690417052
table	2.1006353690417052
specific	2.7354761927460065
constant	1.3847714356717835
various	1.346018846679767
temperatures	1.2775614660239152
|	9.029616361172579
|	9.029616361172579
|	9.029616361172579
|	9.029616361172579
|	9.029616361172579
range	1.3847714356717835
|	9.029616361172579
|	9.029616361172579
|	9.029616361172579
|	9.029616361172579
|	9.029616361172579
|	9.029616361172579
|	9.029616361172579
|	9.029616361172579
|	9.029616361172579
degrees	1.8919309573886605
|	9.029616361172579
degrees	1.8919309573886605
|	9.029616361172579
specific	2.7354761927460065
