|	22.00968988035816
ill	1.8282358950860316
|	22.00968988035816
clair	2.7827114443438212
|	22.00968988035816
standard	1.3622056077730422
|	22.00968988035816
maryville	3.2598326990634834
|	22.00968988035816
mine	2.0952901893190514
run	2.6815092133748193
|	22.00968988035816
|	22.00968988035816
ill	1.8282358950860316
|	22.00968988035816
williamson	9.77949809719045
|	22.00968988035816
big	2.5608626947274646
muddy	2.7827114443438212
|	22.00968988035816
daws	3.2598326990634834
|	22.00968988035816
mine	2.0952901893190514
run	2.6815092133748193
|	22.00968988035816
|	22.00968988035816
ill	1.8282358950860316
|	22.00968988035816
williamson	9.77949809719045
|	22.00968988035816
carterville	8.876408110198508
|	22.00968988035816
carterville	8.876408110198508
|	22.00968988035816
|	22.00968988035816
|	22.00968988035816
|	22.00968988035816
|	22.00968988035816
|	22.00968988035816
|	22.00968988035816
|	22.00968988035816
|	22.00968988035816
ill	1.8282358950860316
|	22.00968988035816
williamson	9.77949809719045
|	22.00968988035816
carterville	8.876408110198508
|	22.00968988035816
burr	3.2598326990634834
|	22.00968988035816
nut	1.5438293554286844
pea	1.2821090937746358
|	22.00968988035816
|	22.00968988035816
|	22.00968988035816
|	22.00968988035816
|	22.00968988035816
|	22.00968988035816
slack	2.0045601939601774
|	22.00968988035816
|	22.00968988035816
|	22.00968988035816
brazil	5.5654228886876425
|	22.00968988035816
brazil	5.5654228886876425
