|	22.00968988035816
mo	2.5741666746110226
|	22.00968988035816
bates	3.2598326990634834
|	22.00968988035816
rich	2.5608626947274646
hill	2.1806514530158587
|	22.00968988035816
new	1.460492149609902
home	3.2598326990634834
|	22.00968988035816
mine	1.0476450946595257
run	1.3407546066874096
|	22.00968988035816
|	22.00968988035816
mo	2.5741666746110226
|	22.00968988035816
clay	2.48168144867984
|	22.00968988035816
lexington	3.2598326990634834
|	22.00968988035816
mo	2.5741666746110226
|	22.00968988035816
|	22.00968988035816
|	22.00968988035816
|	22.00968988035816
|	22.00968988035816
|	22.00968988035816
|	22.00968988035816
|	22.00968988035816
|	22.00968988035816
mo	2.5741666746110226
|	22.00968988035816
lafayette	5.5654228886876425
|	22.00968988035816
waverly	6.519665398126967
|	22.00968988035816
buckthorn	3.2598326990634834
|	22.00968988035816
|	22.00968988035816
|	22.00968988035816
mo	2.5741666746110226
|	22.00968988035816
lafayette	5.5654228886876425
|	22.00968988035816
waverly	6.519665398126967
|	22.00968988035816
higbee	3.2598326990634834
|	22.00968988035816
|	22.00968988035816
|	22.00968988035816
mo	2.5741666746110226
|	22.00968988035816
linn	2.9588027033995026
|	22.00968988035816
bevier	6.519665398126967
|	22.00968988035816
marceline	3.2598326990634834
|	22.00968988035816
|	22.00968988035816
|	22.00968988035816
mo	2.5741666746110226
|	22.00968988035816
macon	3.2598326990634834
|	22.00968988035816
bevier	6.519665398126967
