|	23.70274294807802
|	23.70274294807802
|	23.70274294807802
|	23.70274294807802
|	23.70274294807802
|	23.70274294807802
|	23.70274294807802
|	23.70274294807802
+	1.0293837776852097
|	23.70274294807802
|	23.70274294807802
|	23.70274294807802
|	23.70274294807802
|	23.70274294807802
|	23.70274294807802
|	23.70274294807802
|	23.70274294807802
||	3.456707564042457
|	23.70274294807802
|	23.70274294807802
|	23.70274294807802
|	23.70274294807802
|	23.70274294807802
|	23.70274294807802
|	23.70274294807802
|	23.70274294807802
|	23.70274294807802
|	23.70274294807802
|	23.70274294807802
|	23.70274294807802
|	23.70274294807802
|	23.70274294807802
|	23.70274294807802
|	23.70274294807802
|	23.70274294807802
|	23.70274294807802
||	3.456707564042457
|	23.70274294807802
|	23.70274294807802
|	23.70274294807802
|	23.70274294807802
|	23.70274294807802
|	23.70274294807802
|	23.70274294807802
|	23.70274294807802
