|	18.059232722345158
|	18.059232722345158
|	18.059232722345158
|	18.059232722345158
|	18.059232722345158
|	18.059232722345158
|	18.059232722345158
|	18.059232722345158
|	18.059232722345158
|	18.059232722345158
|	18.059232722345158
|	18.059232722345158
|	18.059232722345158
|	18.059232722345158
|	18.059232722345158
|	18.059232722345158
|	18.059232722345158
|	18.059232722345158
|	18.059232722345158
|	18.059232722345158
|	18.059232722345158
|	18.059232722345158
|	18.059232722345158
|	18.059232722345158
|	18.059232722345158
|	18.059232722345158
|	18.059232722345158
|	18.059232722345158
|	18.059232722345158
|	18.059232722345158
|	18.059232722345158
|	18.059232722345158
slightly	1.8796214573518775
compressible	3.2598326990634834
practical	1.4147346590492267
purposes	1.8981048630458908
considered	1.3622056077730422
coefficient	2.2184400139052585
compressibility	2.7827114443438212
rang	1.3677380963730033
