|	20.3166368126383
|	20.3166368126383
|	20.3166368126383
superheat	1.1106135864081037
|	20.3166368126383
|pressure|	3.2598326990634834
||	1.7283537820212285
|	20.3166368126383
pounds	1.0045601939601776
|saturated|	3.2598326990634834
|	20.3166368126383
|	20.3166368126383
|	20.3166368126383
|	20.3166368126383
|	20.3166368126383
|	20.3166368126383
|absolute|	3.2598326990634834
|	20.3166368126383
|	20.3166368126383
|	20.3166368126383
|	20.3166368126383
|	20.3166368126383
|	20.3166368126383
|	20.3166368126383
|	20.3166368126383
t|	1.5355568294626945
|	20.3166368126383
|	20.3166368126383
|	20.3166368126383
|	20.3166368126383
|	20.3166368126383
|	20.3166368126383
|	20.3166368126383
|	20.3166368126383
v|	1.8448593510926656
|	20.3166368126383
|	20.3166368126383
|	20.3166368126383
|	20.3166368126383
|	20.3166368126383
|	20.3166368126383
|	20.3166368126383
|	20.3166368126383
h|	1.7974347011645275
|	20.3166368126383
