|	24.267093970651306
|	24.267093970651306
|	24.267093970651306
|	24.267093970651306
common	1.741318759185596
|	24.267093970651306
|	24.267093970651306
|	24.267093970651306
|	24.267093970651306
|proximate	3.2598326990634834
|	24.267093970651306
|	24.267093970651306
|	24.267093970651306
proximate	1.1458893467566469
|	24.267093970651306
|	24.267093970651306
ultimate	3.4070603965923927
|	24.267093970651306
|	24.267093970651306
|	24.267093970651306
analysis	3.976002743459748
|	24.267093970651306
ultimate	3.4070603965923927
analysis	3.976002743459748
|	24.267093970651306
analysis	3.976002743459748
|	24.267093970651306
|	24.267093970651306
|	24.267093970651306
|	24.267093970651306
|	24.267093970651306
|	24.267093970651306
|	24.267093970651306
|	24.267093970651306
|	24.267093970651306
|	24.267093970651306
|	24.267093970651306
|	24.267093970651306
|	24.267093970651306
|	24.267093970651306
|	24.267093970651306
|	24.267093970651306
|	24.267093970651306
|	24.267093970651306
|	24.267093970651306
|	24.267093970651306
|	24.267093970651306
|	24.267093970651306
|	24.267093970651306
|	24.267093970651306
|	24.267093970651306
