|	18.623583744918445
proximate	1.1458893467566469
analysis	1.325334247819916
dry	2.4855987195294067
coal	1.6633958100693895
|b	1.5355568294626945
u|	3.2598326990634834
|	18.623583744918445
||	1.7283537820212285
|	18.623583744918445
|	18.623583744918445
|	18.623583744918445
|	18.623583744918445
|	18.623583744918445
|	18.623583744918445
|	18.623583744918445
|	18.623583744918445
authority	2.414734659049227
|	18.623583744918445
|	18.623583744918445
moisture	1.2145097202768262
|	18.623583744918445
volatile	1.715764654713208
|	18.623583744918445
fixed	1.6800491024466735
|	18.623583744918445
ash	1.1806514530158587
|	18.623583744918445
dry	2.4855987195294067
|	18.623583744918445
|	18.623583744918445
|	18.623583744918445
|	18.623583744918445
matter	1.460492149609902
|	18.623583744918445
carbon	1.0984646968285086
|	18.623583744918445
|	18.623583744918445
coal	1.6633958100693895
|	18.623583744918445
|	18.623583744918445
|	18.623583744918445
|	18.623583744918445
|	18.623583744918445
|	18.623583744918445
|	18.623583744918445
|	18.623583744918445
|	18.623583744918445
|	18.623583744918445
