|	47.40548589615604
|	47.40548589615604
|	47.40548589615604
|	47.40548589615604
|	47.40548589615604
|	47.40548589615604
|	47.40548589615604
|	47.40548589615604
|	47.40548589615604
|	47.40548589615604
|	47.40548589615604
|	47.40548589615604
|	47.40548589615604
|	47.40548589615604
|	47.40548589615604
|	47.40548589615604
|	47.40548589615604
|	47.40548589615604
|	47.40548589615604
|	47.40548589615604
|	47.40548589615604
|	47.40548589615604
|	47.40548589615604
|	47.40548589615604
|	47.40548589615604
|	47.40548589615604
|	47.40548589615604
|	47.40548589615604
|	47.40548589615604
|	47.40548589615604
|	47.40548589615604
|	47.40548589615604
|	47.40548589615604
|	47.40548589615604
|	47.40548589615604
|	47.40548589615604
|	47.40548589615604
|	47.40548589615604
|	47.40548589615604
|	47.40548589615604
|	47.40548589615604
|	47.40548589615604
|	47.40548589615604
|	47.40548589615604
|	47.40548589615604
|	47.40548589615604
|	47.40548589615604
|	47.40548589615604
|	47.40548589615604
|	47.40548589615604
|	47.40548589615604
|	47.40548589615604
|	47.40548589615604
|	47.40548589615604
|	47.40548589615604
|	47.40548589615604
|	47.40548589615604
|	47.40548589615604
|	47.40548589615604
|	47.40548589615604
|	47.40548589615604
|	47.40548589615604
|	47.40548589615604
|	47.40548589615604
|	47.40548589615604
|	47.40548589615604
|	47.40548589615604
|	47.40548589615604
|	47.40548589615604
|	47.40548589615604
|	47.40548589615604
|	47.40548589615604
|	47.40548589615604
|	47.40548589615604
|	47.40548589615604
|	47.40548589615604
|	47.40548589615604
|	47.40548589615604
|	47.40548589615604
|	47.40548589615604
|	47.40548589615604
|	47.40548589615604
|	47.40548589615604
|	47.40548589615604
