|	27.653200106091024
|	27.653200106091024
|	27.653200106091024
|	27.653200106091024
|	27.653200106091024
|	27.653200106091024
|	27.653200106091024
|	27.653200106091024
|	27.653200106091024
|	27.653200106091024
|	27.653200106091024
|	27.653200106091024
|	27.653200106091024
|	27.653200106091024
|	27.653200106091024
|	27.653200106091024
|	27.653200106091024
|	27.653200106091024
|	27.653200106091024
|	27.653200106091024
|	27.653200106091024
|	27.653200106091024
|	27.653200106091024
|	27.653200106091024
|	27.653200106091024
|	27.653200106091024
|	27.653200106091024
geo	1.6470488423437482
s|	1.8796214573518775
|	27.653200106091024
|	27.653200106091024
|	27.653200106091024
|	27.653200106091024
|	27.653200106091024
|	27.653200106091024
|	27.653200106091024
|	27.653200106091024
|	27.653200106091024
|	27.653200106091024
|	27.653200106091024
|	27.653200106091024
|	27.653200106091024
|	27.653200106091024
|	27.653200106091024
|	27.653200106091024
|	27.653200106091024
|	27.653200106091024
|	27.653200106091024
|	27.653200106091024
|	27.653200106091024
|	27.653200106091024
