|	21.445338857784876
|	21.445338857784876
|	21.445338857784876
|	21.445338857784876
|	21.445338857784876
|	21.445338857784876
|	21.445338857784876
|	21.445338857784876
height	1.5355568294626945
stack	2.60158261348478
feet	2.71348542414308
|side	2.9588027033995026
of|	2.5608626947274646
|	21.445338857784876
|	21.445338857784876
|	21.445338857784876
dia	1.0397246110234284
|	21.445338857784876
area	1.587734841127766
|	21.445338857784876
|	21.445338857784876
|	21.445338857784876
|	21.445338857784876
|	21.445338857784876
|	21.445338857784876
|	21.445338857784876
|	21.445338857784876
|	21.445338857784876
|	21.445338857784876
|	21.445338857784876
lent	1.5116446720572831
|	21.445338857784876
|	21.445338857784876
meter|square|	2.9588027033995026
|	21.445338857784876
|	21.445338857784876
|	21.445338857784876
|	21.445338857784876
|	21.445338857784876
|	21.445338857784876
|	21.445338857784876
|	21.445338857784876
|	21.445338857784876
|square	2.48168144867984
|	21.445338857784876
|inches|	2.6577727077355213
feet	2.71348542414308
stack	2.60158261348478
|	21.445338857784876
|	21.445338857784876
|	21.445338857784876
