|	34.98976339954374
|	34.98976339954374
|	34.98976339954374
|	34.98976339954374
|	34.98976339954374
|	34.98976339954374
|	34.98976339954374
|	34.98976339954374
|	34.98976339954374
|	34.98976339954374
|	34.98976339954374
|	34.98976339954374
|	34.98976339954374
|	34.98976339954374
|	34.98976339954374
|	34.98976339954374
|	34.98976339954374
|	34.98976339954374
|	34.98976339954374
|	34.98976339954374
|	34.98976339954374
|	34.98976339954374
|	34.98976339954374
|	34.98976339954374
|	34.98976339954374
|	34.98976339954374
|	34.98976339954374
|	34.98976339954374
|	34.98976339954374
|	34.98976339954374
|	34.98976339954374
|	34.98976339954374
|	34.98976339954374
|	34.98976339954374
|	34.98976339954374
|	34.98976339954374
|	34.98976339954374
|	34.98976339954374
|	34.98976339954374
|	34.98976339954374
|	34.98976339954374
|	34.98976339954374
|	34.98976339954374
|	34.98976339954374
|	34.98976339954374
|	34.98976339954374
|	34.98976339954374
|	34.98976339954374
|	34.98976339954374
|	34.98976339954374
|	34.98976339954374
|	34.98976339954374
|	34.98976339954374
|	34.98976339954374
|	34.98976339954374
|	34.98976339954374
|	34.98976339954374
|	34.98976339954374
|	34.98976339954374
|	34.98976339954374
|	34.98976339954374
|	34.98976339954374
