|	24.267093970651306
|	24.267093970651306
|	24.267093970651306
|	24.267093970651306
|	24.267093970651306
|	24.267093970651306
|	24.267093970651306
oxygen	1.460492149609902
|	24.267093970651306
|	24.267093970651306
?	3.0876587108573688
|	24.267093970651306
|	24.267093970651306
=	2.2089933231968435
|	24.267093970651306
|	24.267093970651306
|	24.267093970651306
|	24.267093970651306
|	24.267093970651306
|	24.267093970651306
|	24.267093970651306
|	24.267093970651306
|	24.267093970651306
|	24.267093970651306
|	24.267093970651306
|	24.267093970651306
|	24.267093970651306
|	24.267093970651306
|	24.267093970651306
|	24.267093970651306
|	24.267093970651306
|	24.267093970651306
|	24.267093970651306
|	24.267093970651306
nitrogen	1.715764654713208
|	24.267093970651306
|	24.267093970651306
?	3.0876587108573688
|	24.267093970651306
|	24.267093970651306
=	2.2089933231968435
|	24.267093970651306
|	24.267093970651306
|	24.267093970651306
|	24.267093970651306
|	24.267093970651306
|	24.267093970651306
|	24.267093970651306
|	24.267093970651306
