|	34.98976339954374
|	34.98976339954374
|	34.98976339954374
cent	1.5453886471725942
|	34.98976339954374
|	34.98976339954374
|	34.98976339954374
|	34.98976339954374
|	34.98976339954374
|	34.98976339954374
|	34.98976339954374
|	34.98976339954374
|	34.98976339954374
cent	1.5453886471725942
|	34.98976339954374
|	34.98976339954374
|	34.98976339954374
|	34.98976339954374
|	34.98976339954374
|	34.98976339954374
|	34.98976339954374
|	34.98976339954374
|	34.98976339954374
|	34.98976339954374
|	34.98976339954374
|	34.98976339954374
|	34.98976339954374
|	34.98976339954374
|	34.98976339954374
|	34.98976339954374
|	34.98976339954374
burned	1.335553413001602
|	34.98976339954374
|	34.98976339954374
|	34.98976339954374
|	34.98976339954374
|	34.98976339954374
|	34.98976339954374
|	34.98976339954374
|	34.98976339954374
|	34.98976339954374
hour	1.4147346590492267
|	34.98976339954374
pounds	1.0045601939601776
|	34.98976339954374
|	34.98976339954374
|	34.98976339954374
|	34.98976339954374
|	34.98976339954374
|	34.98976339954374
|	34.98976339954374
|	34.98976339954374
|	34.98976339954374
|	34.98976339954374
|	34.98976339954374
|	34.98976339954374
|	34.98976339954374
|	34.98976339954374
|	34.98976339954374
|	34.98976339954374
|	34.98976339954374
evaporated	2.055712716407559
|	34.98976339954374
|	34.98976339954374
|	34.98976339954374
|	34.98976339954374
|	34.98976339954374
|	34.98976339954374
