|glass	6.519665398126967
english	2.414734659049227
|	15.801828632052013
|	15.801828632052013
|	15.801828632052013
|	15.801828632052013
|flint	6.519665398126967
|	15.801828632052013
|	15.801828632052013
|	15.801828632052013
|	15.801828632052013
|glass	6.519665398126967
french	2.5608626947274646
|	15.801828632052013
|	15.801828632052013
|	15.801828632052013
|	15.801828632052013
|flint	6.519665398126967
|	15.801828632052013
|	15.801828632052013
|	15.801828632052013
|	15.801828632052013
|gold	2.9588027033995026
|	15.801828632052013
|	15.801828632052013
|	15.801828632052013
|	15.801828632052013
|granite	3.2598326990634834
average	1.6470488423437482
|	15.801828632052013
|	15.801828632052013
|	15.801828632052013
|	15.801828632052013
|iron	5.917605406799005
cast	1.6916309749964886
|	15.801828632052013
|	15.801828632052013
|	15.801828632052013
|	15.801828632052013
|iron	5.917605406799005
sof	1.9810790981106547
