|	22.00968988035816
|	22.00968988035816
|	22.00968988035816
|	22.00968988035816
|	22.00968988035816
|	22.00968988035816
|	22.00968988035816
|	22.00968988035816
|	22.00968988035816
|	22.00968988035816
|	22.00968988035816
|	22.00968988035816
|	22.00968988035816
|	22.00968988035816
|	22.00968988035816
|	22.00968988035816
|	22.00968988035816
|	22.00968988035816
|	22.00968988035816
|	22.00968988035816
|	22.00968988035816
|	22.00968988035816
carbon	6.590788180971051
|	22.00968988035816
|	22.00968988035816
|	22.00968988035816
c+o	6.519665398126967
=	3.3134899847952655
|	22.00968988035816
carbon	6.590788180971051
dioxide	1.7827114443438212
|	22.00968988035816
|	22.00968988035816
|	22.00968988035816
carbon	6.590788180971051
|	22.00968988035816
|	22.00968988035816
|	22.00968988035816
c+o	6.519665398126967
=	3.3134899847952655
|	22.00968988035816
carbon	6.590788180971051
monoxide	1.8448593510926656
|	22.00968988035816
|	22.00968988035816
|	22.00968988035816
carbon	6.590788180971051
monoxide|	2.7827114443438212
|	22.00968988035816
|	22.00968988035816
co+o	3.2598326990634834
=	3.3134899847952655
|	22.00968988035816
carbon	6.590788180971051
