|	28.217551128664308
|	28.217551128664308
|	28.217551128664308
|	28.217551128664308
|	28.217551128664308
|	28.217551128664308
whitham	2.7827114443438212
|	28.217551128664308
|	28.217551128664308
|	28.217551128664308
|	28.217551128664308
|	28.217551128664308
|	28.217551128664308
|	28.217551128664308
sadtler	3.2598326990634834
|	28.217551128664308
|	28.217551128664308
|	28.217551128664308
|	28.217551128664308
|	28.217551128664308
|	28.217551128664308
|	28.217551128664308
|	28.217551128664308
|	28.217551128664308
|	28.217551128664308
|	28.217551128664308
|	28.217551128664308
|	28.217551128664308
|	28.217551128664308
|	28.217551128664308
|	28.217551128664308
|	28.217551128664308
|	28.217551128664308
|	28.217551128664308
|	28.217551128664308
|	28.217551128664308
carpenter	2.5608626947274646
|	28.217551128664308
|	28.217551128664308
|	28.217551128664308
|	28.217551128664308
|	28.217551128664308
|	28.217551128664308
|	28.217551128664308
|	28.217551128664308
|	28.217551128664308
|	28.217551128664308
|	28.217551128664308
|	28.217551128664308
|	28.217551128664308
|	28.217551128664308
isherwood	3.2598326990634834
|	28.217551128664308
|	28.217551128664308
