|	26.52449806094445
|	26.52449806094445
|	26.52449806094445
|	26.52449806094445
|	26.52449806094445
|	26.52449806094445
geo	3.2940976846874963
s|	3.759242914703755
|	26.52449806094445
|	26.52449806094445
|	26.52449806094445
|	26.52449806094445
|	26.52449806094445
|	26.52449806094445
|	26.52449806094445
|	26.52449806094445
|	26.52449806094445
|	26.52449806094445
|	26.52449806094445
|	26.52449806094445
|	26.52449806094445
co|	3.2598326990634834
|	26.52449806094445
|	26.52449806094445
|	26.52449806094445
|	26.52449806094445
|	26.52449806094445
|	26.52449806094445
|	26.52449806094445
|	26.52449806094445
|	26.52449806094445
|	26.52449806094445
|	26.52449806094445
|	26.52449806094445
|	26.52449806094445
|	26.52449806094445
|	26.52449806094445
|	26.52449806094445
|	26.52449806094445
|	26.52449806094445
|	26.52449806094445
|	26.52449806094445
|	26.52449806094445
|	26.52449806094445
|	26.52449806094445
|	26.52449806094445
|	26.52449806094445
|	26.52449806094445
|	26.52449806094445
geo	3.2940976846874963
s|	3.759242914703755
|	26.52449806094445
