|west	3.2598326990634834
virginia	2.6577727077355213
|	16.930530677198586
|	16.930530677198586
|	16.930530677198586
|	16.930530677198586
||	8.641768910106142
|	16.930530677198586
||	8.641768910106142
|	16.930530677198586
|mexico	3.2598326990634834
|	16.930530677198586
|	16.930530677198586
|	16.930530677198586
|	16.930530677198586
wilcox	1.0268365886713298
|	16.930530677198586
|russia	9.77949809719045
baku	3.2598326990634834
|	16.930530677198586
|	16.930530677198586
|	16.930530677198586
|	16.930530677198586
||	8.641768910106142
|	16.930530677198586
|	16.930530677198586
|russia	9.77949809719045
novorossick	3.2598326990634834
|	16.930530677198586
|	16.930530677198586
|	16.930530677198586
|	16.930530677198586
|	16.930530677198586
|	16.930530677198586
|	16.930530677198586
|	16.930530677198586
|russia	9.77949809719045
caucasus	3.2598326990634834
|	16.930530677198586
|	16.930530677198586
|	16.930530677198586
|	16.930530677198586
||	8.641768910106142
|	16.930530677198586
||	8.641768910106142
