|california	13.913557221719106
||	10.37012269212737
||	10.37012269212737
liquid	1.657772707735521
board|	2.9588027033995026
|california	13.913557221719106
|	10.722669428892438
|	10.722669428892438
|	10.722669428892438
|	10.722669428892438
|	10.722669428892438
|	10.722669428892438
|	10.722669428892438
|	10.722669428892438
|california	13.913557221719106
|	10.722669428892438
|	10.722669428892438
|	10.722669428892438
|	10.722669428892438
wilcox	1.0268365886713298
|	10.722669428892438
|california	13.913557221719106
|	10.722669428892438
|	10.722669428892438
||	10.37012269212737
||	10.37012269212737
|	10.722669428892438
|california	13.913557221719106
|	10.722669428892438
|	10.722669428892438
||	10.37012269212737
||	10.37012269212737
|	10.722669428892438
