|	16.930530677198586
hydrogen	1.5785914616878964
|	16.930530677198586
|	16.930530677198586
|	16.930530677198586
h+o	3.2598326990634834
=	3.3134899847952655
|	16.930530677198586
water	1.1922635473476708
|	16.930530677198586
|	16.930530677198586
|	16.930530677198586
|	16.930530677198586
|	16.930530677198586
=	3.3134899847952655
|	16.930530677198586
carbon	1.0984646968285086
dioxide	3.5654228886876425
|	16.930530677198586
|	16.930530677198586
methane	2.35674271207154
|	16.930530677198586
ch|	2.9588027033995026
|	16.930530677198586
|	16.930530677198586
|	16.930530677198586
|	16.930530677198586
|	16.930530677198586
|	16.930530677198586
|	16.930530677198586
|	16.930530677198586
water	1.1922635473476708
|	16.930530677198586
|	16.930530677198586
sulphur	3.5654228886876425
|	16.930530677198586
|	16.930530677198586
|	16.930530677198586
=	3.3134899847952655
|	16.930530677198586
sulphur	3.5654228886876425
dioxide	3.5654228886876425
|	16.930530677198586
|	16.930530677198586
