|	32.7323593092506
|	32.7323593092506
|	32.7323593092506
|	32.7323593092506
|	32.7323593092506
|	32.7323593092506
|	32.7323593092506
|	32.7323593092506
|	32.7323593092506
|	32.7323593092506
|	32.7323593092506
|	32.7323593092506
|	32.7323593092506
|	32.7323593092506
|	32.7323593092506
|	32.7323593092506
|	32.7323593092506
|	32.7323593092506
|	32.7323593092506
|	32.7323593092506
|	32.7323593092506
|	32.7323593092506
|	32.7323593092506
|	32.7323593092506
|	32.7323593092506
|	32.7323593092506
|	32.7323593092506
|	32.7323593092506
|	32.7323593092506
|	32.7323593092506
|	32.7323593092506
|	32.7323593092506
|	32.7323593092506
|	32.7323593092506
|	32.7323593092506
|	32.7323593092506
|	32.7323593092506
|	32.7323593092506
|	32.7323593092506
|	32.7323593092506
|	32.7323593092506
|	32.7323593092506
|	32.7323593092506
|	32.7323593092506
|	32.7323593092506
|	32.7323593092506
|	32.7323593092506
|	32.7323593092506
|	32.7323593092506
|	32.7323593092506
|	32.7323593092506
|	32.7323593092506
|	32.7323593092506
|	32.7323593092506
|	32.7323593092506
|	32.7323593092506
|	32.7323593092506
|	32.7323593092506
