|	20.3166368126383
|	20.3166368126383
|	20.3166368126383
|	20.3166368126383
|	20.3166368126383
|	20.3166368126383
|	20.3166368126383
|	20.3166368126383
|	20.3166368126383
|	20.3166368126383
|	20.3166368126383
|	20.3166368126383
|	20.3166368126383
|	20.3166368126383
|	20.3166368126383
|	20.3166368126383
|	20.3166368126383
|	20.3166368126383
|	20.3166368126383
|	20.3166368126383
|	20.3166368126383
|	20.3166368126383
|	20.3166368126383
|	20.3166368126383
length	1.6800491024466735
|	20.3166368126383
|	20.3166368126383
|	20.3166368126383
|	20.3166368126383
internal	1.7546827207435776
|	20.3166368126383
|	20.3166368126383
nominal	2.1806514530158587
weight	1.0723119782270205
|	20.3166368126383
|	20.3166368126383
|	20.3166368126383
transverse	2.6577727077355213
|pipe	3.2598326990634834
|	20.3166368126383
pounds	1.0045601939601776
|	20.3166368126383
|	20.3166368126383
