|	24.831444993224594
|	24.831444993224594
|	24.831444993224594
|	24.831444993224594
|	24.831444993224594
|	24.831444993224594
|	24.831444993224594
|revolutions	3.2598326990634834
minute	1.7283537820212285
|	24.831444993224594
|	24.831444993224594
|	24.831444993224594
|	24.831444993224594
|	24.831444993224594
|	24.831444993224594
|	24.831444993224594
pump	1.6470488423437482
|	24.831444993224594
|	24.831444993224594
|	24.831444993224594
|	24.831444993224594
|	24.831444993224594
|	24.831444993224594
|	24.831444993224594
circulating	2.2184400139052585
pump|	3.2598326990634834
|	24.831444993224594
|	24.831444993224594
|	24.831444993224594
|	24.831444993224594
|	24.831444993224594
|	24.831444993224594
main	2.4939909487166227
engine	2.60158261348478
|	24.831444993224594
|	24.831444993224594
|	24.831444993224594
|	24.831444993224594
|	24.831444993224594
|	24.831444993224594
|indicated	3.2598326990634834
horse	1.1359810580963978
power	1.0143200312493337
|	24.831444993224594
|	24.831444993224594
|	24.831444993224594
|	24.831444993224594
|	24.831444993224594
|	24.831444993224594
|	24.831444993224594
main	2.4939909487166227
engine	2.60158261348478
|	24.831444993224594
|	24.831444993224594
|	24.831444993224594
|	24.831444993224594
