|	25.395796015797877
|	25.395796015797877
one	1.4390064485452196
|	25.395796015797877
weight	1.0723119782270205
one	1.4390064485452196
|	25.395796015797877
|	25.395796015797877
|	25.395796015797877
|	25.395796015797877
cubic	2.9928094110010925
foot	1.335553413001602
|	25.395796015797877
|	25.395796015797877
fahrenheit	1.255511325280841
|	25.395796015797877
cubic	2.9928094110010925
feet	1.35674271207154
|	25.395796015797877
pounds	1.0045601939601776
|	25.395796015797877
|	25.395796015797877
|	25.395796015797877
|	25.395796015797877
|	25.395796015797877
|	25.395796015797877
|	25.395796015797877
|	25.395796015797877
|	25.395796015797877
|	25.395796015797877
|	25.395796015797877
|	25.395796015797877
|	25.395796015797877
|	25.395796015797877
|	25.395796015797877
|	25.395796015797877
|	25.395796015797877
|	25.395796015797877
|	25.395796015797877
|	25.395796015797877
|	25.395796015797877
|	25.395796015797877
|	25.395796015797877
|	25.395796015797877
|	25.395796015797877
|	25.395796015797877
|	25.395796015797877
|	25.395796015797877
|	25.395796015797877
|	25.395796015797877
|	25.395796015797877
|	25.395796015797877
|	25.395796015797877
|	25.395796015797877
