|	17.49488169977187
|	17.49488169977187
|	17.49488169977187
|	17.49488169977187
|	17.49488169977187
|	17.49488169977187
oxygen	1.460492149609902
|	17.49488169977187
|	17.49488169977187
|	17.49488169977187
|	17.49488169977187
|	17.49488169977187
nitrogen	1.715764654713208
|	17.49488169977187
|	17.49488169977187
|	17.49488169977187
|	17.49488169977187
|	17.49488169977187
hydrogen	1.5785914616878964
|	17.49488169977187
|	17.49488169977187
|	17.49488169977187
|	17.49488169977187
|	17.49488169977187
superheated	1.402500202632215
|	17.49488169977187
|	17.49488169977187
see	1.402500202632215
table	1.0503176845208526
|	17.49488169977187
|	17.49488169977187
|	17.49488169977187
carbon	2.196929393657017
monoxide	1.8448593510926656
|	17.49488169977187
|	17.49488169977187
|	17.49488169977187
|	17.49488169977187
|	17.49488169977187
carbon	2.196929393657017
