|	19.752285790065017
|	19.752285790065017
|	19.752285790065017
|	19.752285790065017
|	19.752285790065017
|	19.752285790065017
|	19.752285790065017
|	19.752285790065017
|	19.752285790065017
|	19.752285790065017
|	19.752285790065017
|	19.752285790065017
|	19.752285790065017
|	19.752285790065017
|	19.752285790065017
|	19.752285790065017
|	19.752285790065017
|	19.752285790065017
|	19.752285790065017
|	19.752285790065017
|	19.752285790065017
|	19.752285790065017
|	19.752285790065017
|	19.752285790065017
|	19.752285790065017
|	19.752285790065017
|	19.752285790065017
|	19.752285790065017
|	19.752285790065017
|	19.752285790065017
|	19.752285790065017
|	19.752285790065017
|	19.752285790065017
|	19.752285790065017
|	19.752285790065017
illustration	1.1664110139012485
portion	1.019283450780884
installation	1.4209836083262282
babcock	1.011859432701677
wilcox	1.0268365886713298
