|	20.880987835211588
|	20.880987835211588
||	1.7283537820212285
|	20.880987835211588
|	20.880987835211588
|	20.880987835211588
|	20.880987835211588
|	20.880987835211588
|	20.880987835211588
|	20.880987835211588
|	20.880987835211588
|	20.880987835211588
|	20.880987835211588
|	20.880987835211588
|	20.880987835211588
|	20.880987835211588
|	20.880987835211588
|	20.880987835211588
|	20.880987835211588
|	20.880987835211588
|	20.880987835211588
|	20.880987835211588
|	20.880987835211588
|	20.880987835211588
|	20.880987835211588
|	20.880987835211588
|	20.880987835211588
|	20.880987835211588
|	20.880987835211588
|	20.880987835211588
|	20.880987835211588
|	20.880987835211588
|	20.880987835211588
|	20.880987835211588
|	20.880987835211588
|	20.880987835211588
|	20.880987835211588
|	20.880987835211588
stack	1.30079130674239
gives	1.460492149609902
convenient	2.2598326990634834
approximate	1.202927847727011
work	1.0397246110234284
sizes	1.7974347011645275
stacks	1.7283537820212285
horse	1.1359810580963978
power	1.0143200312493337
they	1.255511325280841
serve	1.6470488423437482
