|	27.088849083517736
|no	5.121725389454929
|	27.088849083517736
|	27.088849083517736
|	27.088849083517736
|	27.088849083517736
|	27.088849083517736
|	27.088849083517736
|	27.088849083517736
|	27.088849083517736
|	27.088849083517736
|	27.088849083517736
|	27.088849083517736
|	27.088849083517736
|warrick|	3.2598326990634834
|	27.088849083517736
|	27.088849083517736
|	27.088849083517736
|	27.088849083517736
|	27.088849083517736
|	27.088849083517736
|	27.088849083517736
|	27.088849083517736
|	27.088849083517736
|	27.088849083517736
|ind|	3.2598326990634834
|	27.088849083517736
|	27.088849083517736
|no	5.121725389454929
|	27.088849083517736
|	27.088849083517736
|	27.088849083517736
|	27.088849083517736
|	27.088849083517736
|	27.088849083517736
|	27.088849083517736
|	27.088849083517736
|	27.088849083517736
|	27.088849083517736
|	27.088849083517736
|	27.088849083517736
|	27.088849083517736
|	27.088849083517736
|	27.088849083517736
|	27.088849083517736
|	27.088849083517736
|	27.088849083517736
|	27.088849083517736
|	27.088849083517736
|	27.088849083517736
|ky	2.9588027033995026
|	27.088849083517736
|	27.088849083517736
