|	22.574040902931447
|	22.574040902931447
|	22.574040902931447
|	22.574040902931447
|	22.574040902931447
|	22.574040902931447
|	22.574040902931447
|	22.574040902931447
|	22.574040902931447
|	22.574040902931447
|	22.574040902931447
|	22.574040902931447
||	5.185061346063685
|	22.574040902931447
|	22.574040902931447
||	5.185061346063685
|	22.574040902931447
|	22.574040902931447
|	22.574040902931447
|	22.574040902931447
|	22.574040902931447
|	22.574040902931447
|	22.574040902931447
|	22.574040902931447
|	22.574040902931447
|	22.574040902931447
|	22.574040902931447
|	22.574040902931447
|	22.574040902931447
|	22.574040902931447
|	22.574040902931447
|	22.574040902931447
|	22.574040902931447
|	22.574040902931447
||	5.185061346063685
|	22.574040902931447
|	22.574040902931447
|	22.574040902931447
|	22.574040902931447
|	22.574040902931447
|	22.574040902931447
|	22.574040902931447
|	22.574040902931447
