|	25.960147038371165
|	25.960147038371165
|	25.960147038371165
|	25.960147038371165
|	25.960147038371165
|	25.960147038371165
hill	6.541954359047576
|	25.960147038371165
|	25.960147038371165
|	25.960147038371165
|	25.960147038371165
|	25.960147038371165
|	25.960147038371165
|	25.960147038371165
geo	6.588195369374993
s|	7.51848582940751
|	25.960147038371165
|	25.960147038371165
|	25.960147038371165
|	25.960147038371165
|	25.960147038371165
|	25.960147038371165
hill	6.541954359047576
|	25.960147038371165
|	25.960147038371165
|	25.960147038371165
|	25.960147038371165
|	25.960147038371165
|	25.960147038371165
|	25.960147038371165
geo	6.588195369374993
s|	7.51848582940751
|	25.960147038371165
|	25.960147038371165
|	25.960147038371165
|	25.960147038371165
|	25.960147038371165
|	25.960147038371165
hill	6.541954359047576
|	25.960147038371165
|	25.960147038371165
|	25.960147038371165
|	25.960147038371165
|	25.960147038371165
|	25.960147038371165
|	25.960147038371165
geo	6.588195369374993
s|	7.51848582940751
|	25.960147038371165
|	25.960147038371165
|	25.960147038371165
|	25.960147038371165
|	25.960147038371165
|	25.960147038371165
geo	6.588195369374993
s|	7.51848582940751
|	25.960147038371165
