|	20.3166368126383
|g	2.0045601939601774
|	20.3166368126383
|	20.3166368126383
|	20.3166368126383
|	20.3166368126383
|	20.3166368126383
|	20.3166368126383
|length	3.2598326990634834
|	20.3166368126383
|	20.3166368126383
|	20.3166368126383
|	20.3166368126383
|e	1.9174100182412774
|	20.3166368126383
|	20.3166368126383
|	20.3166368126383
|	20.3166368126383
|	20.3166368126383
|	20.3166368126383
|	20.3166368126383
|	20.3166368126383
|	20.3166368126383
|	20.3166368126383
|	20.3166368126383
|	20.3166368126383
|	20.3166368126383
|	20.3166368126383
||	3.456707564042457
|	20.3166368126383
|	20.3166368126383
|	20.3166368126383
|	20.3166368126383
||	3.456707564042457
|	20.3166368126383
|	20.3166368126383
|	20.3166368126383
|	20.3166368126383
|	20.3166368126383
|	20.3166368126383
|	20.3166368126383
