|	22.00968988035816
tex	6.77949809719045
|	22.00968988035816
robertson	3.2598326990634834
|	22.00968988035816
calvert	2.9588027033995026
|	22.00968988035816
coaling	3.2598326990634834
|	22.00968988035816
|	22.00968988035816
|	22.00968988035816
tex	6.77949809719045
|	22.00968988035816
wood	3.175469682255532
|	22.00968988035816
hoyt	6.519665398126967
|	22.00968988035816
|	22.00968988035816
|	22.00968988035816
|	22.00968988035816
|	22.00968988035816
|	22.00968988035816
|	22.00968988035816
lig	1.2264089435765337
|	22.00968988035816
|	22.00968988035816
|	22.00968988035816
tex	6.77949809719045
|	22.00968988035816
wood	3.175469682255532
|	22.00968988035816
hoyt	6.519665398126967
|	22.00968988035816
|	22.00968988035816
|	22.00968988035816
|	22.00968988035816
wash	1.9810790981106547
|	22.00968988035816
king	1.1842857376709528
|	22.00968988035816
|	22.00968988035816
black	4.436880027810517
diamond	3.2598326990634834
|	22.00968988035816
|	22.00968988035816
|	22.00968988035816
wyo	4.71348542414308
|	22.00968988035816
carbon	1.0984646968285086
|	22.00968988035816
hanna	2.5608626947274646
|	22.00968988035816
|	22.00968988035816
mine	1.0476450946595257
run	1.3407546066874096
|	22.00968988035816
|	22.00968988035816
wyo	4.71348542414308
|	22.00968988035816
crook	3.2598326990634834
|	22.00968988035816
black	4.436880027810517
