|texas	14.794013516997513
beaumont	16.299163495317416
|	11.287020451465724
|	11.287020451465724
||	6.913415128084914
liquid	3.315545415471042
fuel	1.6222527583168074
board|	5.917605406799005
|texas	14.794013516997513
beaumont	16.299163495317416
|	11.287020451465724
|	11.287020451465724
|	11.287020451465724
|	11.287020451465724
liquid	3.315545415471042
fuel	1.6222527583168074
board|	5.917605406799005
|texas	14.794013516997513
beaumont	16.299163495317416
|	11.287020451465724
|	11.287020451465724
||	6.913415128084914
|	11.287020451465724
|	11.287020451465724
|	11.287020451465724
|	11.287020451465724
|texas	14.794013516997513
beaumont	16.299163495317416
|	11.287020451465724
|	11.287020451465724
||	6.913415128084914
||	6.913415128084914
|	11.287020451465724
|	11.287020451465724
|texas	14.794013516997513
beaumont	16.299163495317416
|	11.287020451465724
|	11.287020451465724
|	11.287020451465724
|	11.287020451465724
wilco	1.0243042521559347
