|	16.3661796546253
steel	3.071113658925389
soft	2.0045601939601774
|	16.3661796546253
|	16.3661796546253
|	16.3661796546253
|	16.3661796546253
steel	3.071113658925389
hard	1.6163800225772962
|	16.3661796546253
|	16.3661796546253
|	16.3661796546253
|	16.3661796546253
zinc	2.48168144867984
|	16.3661796546253
|	16.3661796546253
|	16.3661796546253
|	16.3661796546253
brass	2.48168144867984
yellow	2.6577727077355213
|	16.3661796546253
|	16.3661796546253
|	16.3661796546253
|	16.3661796546253
glass	1.9810790981106547
normal	1.9376134043295643
|	16.3661796546253
|	16.3661796546253
|	16.3661796546253
|	16.3661796546253
lead	1.626364243483897
|	16.3661796546253
|	16.3661796546253
|	16.3661796546253
|	16.3661796546253
platinum	2.414734659049227
|	16.3661796546253
|	16.3661796546253
|	16.3661796546253
|	16.3661796546253
silver	2.414734659049227
