|	26.52449806094445
|	26.52449806094445
|	26.52449806094445
|	26.52449806094445
|	26.52449806094445
|	26.52449806094445
|	26.52449806094445
|	26.52449806094445
|	26.52449806094445
|	26.52449806094445
|	26.52449806094445
|	26.52449806094445
|	26.52449806094445
|	26.52449806094445
|	26.52449806094445
|	26.52449806094445
|	26.52449806094445
|	26.52449806094445
|	26.52449806094445
|col	2.9588027033995026
m|	3.2598326990634834
|	26.52449806094445
|	26.52449806094445
|	26.52449806094445
|	26.52449806094445
|	26.52449806094445
|	26.52449806094445
|	26.52449806094445
|	26.52449806094445
|	26.52449806094445
|	26.52449806094445
|	26.52449806094445
|	26.52449806094445
|	26.52449806094445
lord	5.121725389454929
|	26.52449806094445
|	26.52449806094445
|	26.52449806094445
|	26.52449806094445
|	26.52449806094445
|	26.52449806094445
|	26.52449806094445
geo	1.6470488423437482
s|	1.8796214573518775
|	26.52449806094445
|	26.52449806094445
|	26.52449806094445
|	26.52449806094445
|	26.52449806094445
|	26.52449806094445
lord	5.121725389454929
|	26.52449806094445
|	26.52449806094445
