|	27.088849083517736
|	27.088849083517736
|	27.088849083517736
|	27.088849083517736
|	27.088849083517736
|	27.088849083517736
geo	3.2940976846874963
s|	3.759242914703755
|	27.088849083517736
|	27.088849083517736
|	27.088849083517736
|	27.088849083517736
|	27.088849083517736
|	27.088849083517736
|	27.088849083517736
|	27.088849083517736
|	27.088849083517736
|	27.088849083517736
|	27.088849083517736
|	27.088849083517736
|	27.088849083517736
|	27.088849083517736
|	27.088849083517736
|	27.088849083517736
|	27.088849083517736
|	27.088849083517736
|	27.088849083517736
|	27.088849083517736
gale	3.2598326990634834
|	27.088849083517736
|	27.088849083517736
|	27.088849083517736
|	27.088849083517736
|	27.088849083517736
|	27.088849083517736
|	27.088849083517736
|	27.088849083517736
|	27.088849083517736
|	27.088849083517736
|	27.088849083517736
|	27.088849083517736
|	27.088849083517736
|	27.088849083517736
geo	3.2940976846874963
s|	3.759242914703755
|	27.088849083517736
|	27.088849083517736
|	27.088849083517736
|	27.088849083517736
|	27.088849083517736
|	27.088849083517736
|	27.088849083517736
|	27.088849083517736
