|	16.3661796546253
|	16.3661796546253
|	16.3661796546253
|	16.3661796546253
|	16.3661796546253
foot	1.335553413001602
|per	2.5608626947274646
|	16.3661796546253
cubic	1.4964047055005463
|	16.3661796546253
|	16.3661796546253
|	16.3661796546253
|pound	2.35674271207154
|	16.3661796546253
|	16.3661796546253
|	16.3661796546253
|foot	2.7827114443438212
gas|	2.7827114443438212
|hydrogen	2.7827114443438212
|	16.3661796546253
|	16.3661796546253
|	16.3661796546253
|	16.3661796546253
|carbon	2.5608626947274646
monoxide|	2.7827114443438212
|	16.3661796546253
|	16.3661796546253
|	16.3661796546253
|	16.3661796546253
|	16.3661796546253
|	16.3661796546253
|methane	2.9588027033995026
|ch	2.414734659049227
|	16.3661796546253
||	3.456707564042457
|	16.3661796546253
|	16.3661796546253
|	16.3661796546253
|acetylene	2.9588027033995026
||	3.456707564042457
|	16.3661796546253
|	16.3661796546253
|	16.3661796546253
|ol	2.9588027033995026
