|	22.00968988035816
pa	2.3365727627067385
|	22.00968988035816
greene	2.9588027033995026
|	22.00968988035816
westmoreland	2.9588027033995026
|	22.00968988035816
|	22.00968988035816
screenings	2.414734659049227
|	22.00968988035816
|	22.00968988035816
pa	2.3365727627067385
|	22.00968988035816
indiana	2.7827114443438212
|	22.00968988035816
|	22.00968988035816
iselin	3.2598326990634834
|	22.00968988035816
mine	2.0952901893190514
run	2.6815092133748193
|	22.00968988035816
|	22.00968988035816
pa	2.3365727627067385
|	22.00968988035816
jefferson	2.7827114443438212
|	22.00968988035816
|	22.00968988035816
punxsutawney	3.2598326990634834
|	22.00968988035816
mine	2.0952901893190514
run	2.6815092133748193
|	22.00968988035816
|	22.00968988035816
pa	2.3365727627067385
|	22.00968988035816
lawrence	3.2598326990634834
|	22.00968988035816
middle	2.2184400139052585
|	22.00968988035816
|	22.00968988035816
|	22.00968988035816
|	22.00968988035816
|	22.00968988035816
|	22.00968988035816
kittanning	2.6577727077355213
|	22.00968988035816
|	22.00968988035816
|	22.00968988035816
|	22.00968988035816
pa	2.3365727627067385
|	22.00968988035816
mercer	2.5608626947274646
|	22.00968988035816
taylor	2.6577727077355213
|	22.00968988035816
|	22.00968988035816
|	22.00968988035816
|	22.00968988035816
pa	2.3365727627067385
|	22.00968988035816
washington	2.2184400139052585
|	22.00968988035816
pittsbu	2.0045601939601774
