|	23.70274294807802
|	23.70274294807802
hunt	2.6577727077355213
|	23.70274294807802
|	23.70274294807802
|	23.70274294807802
|	23.70274294807802
|	23.70274294807802
|	23.70274294807802
|	23.70274294807802
|	23.70274294807802
|	23.70274294807802
|	23.70274294807802
|	23.70274294807802
|ark|ington	3.2598326990634834
|	23.70274294807802
no	1.1099129334158855
|	23.70274294807802
|	23.70274294807802
|	23.70274294807802
pana	2.7827114443438212
|	23.70274294807802
clover	2.9588027033995026
|	23.70274294807802
|	23.70274294807802
|	23.70274294807802
|	23.70274294807802
|	23.70274294807802
|	23.70274294807802
|	23.70274294807802
|	23.70274294807802
|	23.70274294807802
|	23.70274294807802
|	23.70274294807802
|	23.70274294807802
|	23.70274294807802
leaf	3.2598326990634834
|	23.70274294807802
|	23.70274294807802
|	23.70274294807802
|	23.70274294807802
|	23.70274294807802
|	23.70274294807802
|	23.70274294807802
|	23.70274294807802
|	23.70274294807802
|	23.70274294807802
|ill|	3.2598326990634834
no	1.1099129334158855
|	23.70274294807802
no	1.1099129334158855
