|	15.801828632052013
|	15.801828632052013
|	15.801828632052013
|	15.801828632052013
|	15.801828632052013
|	15.801828632052013
|	15.801828632052013
|	15.801828632052013
|	15.801828632052013
|	15.801828632052013
|	15.801828632052013
|	15.801828632052013
|	15.801828632052013
|	15.801828632052013
|	15.801828632052013
|	15.801828632052013
|	15.801828632052013
|	15.801828632052013
|	15.801828632052013
|	15.801828632052013
|	15.801828632052013
|	15.801828632052013
|	15.801828632052013
|	15.801828632052013
|	15.801828632052013
|	15.801828632052013
|	15.801828632052013
|	15.801828632052013
||	1.7283537820212285
