|	27.088849083517736
|	27.088849083517736
|	27.088849083517736
|	27.088849083517736
|	27.088849083517736
|	27.088849083517736
geo	3.2940976846874963
s|	3.759242914703755
|	27.088849083517736
|	27.088849083517736
|	27.088849083517736
|	27.088849083517736
|	27.088849083517736
|	27.088849083517736
|	27.088849083517736
|	27.088849083517736
|	27.088849083517736
|	27.088849083517736
|	27.088849083517736
|	27.088849083517736
|	27.088849083517736
carpenter	2.5608626947274646
|	27.088849083517736
|	27.088849083517736
|	27.088849083517736
|	27.088849083517736
|	27.088849083517736
|	27.088849083517736
|	27.088849083517736
|	27.088849083517736
|	27.088849083517736
|	27.088849083517736
|	27.088849083517736
|	27.088849083517736
|	27.088849083517736
|	27.088849083517736
lord	2.5608626947274646
haas	2.6577727077355213
|	27.088849083517736
|	27.088849083517736
|	27.088849083517736
|	27.088849083517736
|	27.088849083517736
|	27.088849083517736
|	27.088849083517736
geo	3.2940976846874963
s|	3.759242914703755
|	27.088849083517736
|	27.088849083517736
|	27.088849083517736
|	27.088849083517736
|	27.088849083517736
|	27.088849083517736
|	27.088849083517736
|	27.088849083517736
