|	17.49488169977187
|	17.49488169977187
bituminous	1.6066201852881399
|	17.49488169977187
|	17.49488169977187
|	17.49488169977187
|	17.49488169977187
|	17.49488169977187
|	17.49488169977187
|	17.49488169977187
|	17.49488169977187
|	17.49488169977187
ala	7.01873088297431
|	17.49488169977187
bibb	3.2598326990634834
|	17.49488169977187
cahaba	3.2598326990634834
|	17.49488169977187
hill	2.1806514530158587
creek	2.1137046633852457
|	17.49488169977187
mine	2.0952901893190514
run	2.6815092133748193
|	17.49488169977187
|	17.49488169977187
ala	7.01873088297431
|	17.49488169977187
jefferson	8.348134333031464
|	17.49488169977187
pratt	9.77949809719045
|	17.49488169977187
pratt	9.77949809719045
|	17.49488169977187
|	17.49488169977187
|	17.49488169977187
ala	7.01873088297431
|	17.49488169977187
jefferson	8.348134333031464
|	17.49488169977187
pratt	9.77949809719045
|	17.49488169977187
warner	3.2598326990634834
|	17.49488169977187
mine	2.0952901893190514
run	2.6815092133748193
|	17.49488169977187
|	17.49488169977187
ala	7.01873088297431
|	17.49488169977187
jefferson	8.348134333031464
|	17.49488169977187
