|	18.059232722345158
compression	2.414734659049227
pounds	1.0045601939601776
|	18.059232722345158
|	18.059232722345158
|	18.059232722345158
|	18.059232722345158
|	18.059232722345158
|	18.059232722345158
|	18.059232722345158
|	18.059232722345158
|	18.059232722345158
|	18.059232722345158
hardness	1.9588027033995024
relative	1.5608626947274649
|	18.059232722345158
|	18.059232722345158
|	18.059232722345158
|	18.059232722345158
|	18.059232722345158
|	18.059232722345158
|	18.059232722345158
|	18.059232722345158
|	18.059232722345158
|	18.059232722345158
size	1.2775614660239152
nodules	2.48168144867984
|	18.059232722345158
medium	7.44504434603952
|	18.059232722345158
medium	7.44504434603952
|medium	3.2598326990634834
large	2.1674828800156045
|	18.059232722345158
|	18.059232722345158
|	18.059232722345158
|	18.059232722345158
medium	7.44504434603952
large	2.1674828800156045
|	18.059232722345158
|	18.059232722345158
|	18.059232722345158
|	18.059232722345158
|	18.059232722345158
