|	22.00968988035816
ohio	11.527950948120793
|	22.00968988035816
hocking	9.92672579471936
|	22.00968988035816
hocking	9.92672579471936
valley	4.71348542414308
|	22.00968988035816
|	22.00968988035816
lump	2.055712716407559
|	22.00968988035816
|	22.00968988035816
ohio	11.527950948120793
|	22.00968988035816
hocking	9.92672579471936
|	22.00968988035816
hocking	9.92672579471936
valley	4.71348542414308
|	22.00968988035816
|	22.00968988035816
|	22.00968988035816
|	22.00968988035816
ohio	11.527950948120793
|	22.00968988035816
jackson	8.876408110198508
|	22.00968988035816
brookville	3.2598326990634834
|	22.00968988035816
superior	5.5654228886876425
|	22.00968988035816
mine	2.0952901893190514
run	2.6815092133748193
|	22.00968988035816
|	22.00968988035816
|	22.00968988035816
|	22.00968988035816
|	22.00968988035816
coal	1.6633958100693895
|	22.00968988035816
|	22.00968988035816
|	22.00968988035816
ohio	11.527950948120793
|	22.00968988035816
jackson	8.876408110198508
|	22.00968988035816
lower	1.346018846679767
|	22.00968988035816
superior	5.5654228886876425
|	22.00968988035816
mine	2.0952901893190514
run	2.6815092133748193
|	22.00968988035816
|	22.00968988035816
|	22.00968988035816
|	22.00968988035816
kittanning	2.6577727077355213
|	22.00968988035816
coal	1.6633958100693895
|	22.00968988035816
|	22.00968988035816
|	22.00968988035816
ohio	11.527950948120793
|	22.00968988035816
jackson	8.876408110198508
|	22.00968988035816
quakert	3.2598326990634834
