|	18.623583744918445
|	18.623583744918445
|	18.623583744918445
|	18.623583744918445
|	18.623583744918445
|	18.623583744918445
|	18.623583744918445
|	18.623583744918445
|	18.623583744918445
|	18.623583744918445
|	18.623583744918445
|	18.623583744918445
|	18.623583744918445
|	18.623583744918445
|	18.623583744918445
|	18.623583744918445
|	18.623583744918445
|	18.623583744918445
|	18.623583744918445
ill	1.3711769213145237
|	18.623583744918445
perry	2.6577727077355213
|	18.623583744918445
quoin	2.9588027033995026
|	18.623583744918445
willis	2.9588027033995026
|	18.623583744918445
mine	1.0476450946595257
run	1.3407546066874096
|	18.623583744918445
|	18.623583744918445
ill	1.3711769213145237
|	18.623583744918445
sangamon	3.2598326990634834
|	18.623583744918445
|	18.623583744918445
pawnee	3.2598326990634834
|	18.623583744918445
slack	2.0045601939601774
|	18.623583744918445
|	18.623583744918445
ill	1.3711769213145237
|	18.623583744918445
clair	2.7827114443438212
|	18.623583744918445
standar	1.35674271207154
