|	22.00968988035816
|	22.00968988035816
|	22.00968988035816
|	22.00968988035816
|	22.00968988035816
slack	8.01824077584071
|	22.00968988035816
|	22.00968988035816
okla	8.348134333031464
|	22.00968988035816
choctaw	6.519665398126967
|	22.00968988035816
mcalester	6.519665398126967
|	22.00968988035816
edwards	3.2598326990634834
|	22.00968988035816
mine	1.0476450946595257
run	1.3407546066874096
|	22.00968988035816
|	22.00968988035816
okla	8.348134333031464
|	22.00968988035816
choctaw	6.519665398126967
|	22.00968988035816
mcalester	6.519665398126967
|	22.00968988035816
adamson	3.2598326990634834
|	22.00968988035816
slack	8.01824077584071
|	22.00968988035816
|	22.00968988035816
okla	8.348134333031464
|	22.00968988035816
creek	2.1137046633852457
|	22.00968988035816
|	22.00968988035816
henrietta	2.9588027033995026
|	22.00968988035816
lump	2.055712716407559
|	22.00968988035816
|	22.00968988035816
|	22.00968988035816
|	22.00968988035816
|	22.00968988035816
|	22.00968988035816
slack	8.01824077584071
|	22.00968988035816
|	22.00968988035816
|	22.00968988035816
allegheny	2.6577727077355213
|	22.00968988035816
pittsburgh	2.0293837776852097
|	22.00968988035816
|	22.00968988035816
slack	8.01824077584071
|	22.00968988035816
|	22.00968988035816
|	22.00968988035816
|	22.00968988035816
poo	1.8796214573518775
