||bessemer	19.5589961943809
furnace	6.069950220626724
|	20.880987835211588
|	20.880987835211588
||	12.0984764741486
||bessemer	19.5589961943809
furnace	6.069950220626724
|	20.880987835211588
|	20.880987835211588
|	20.880987835211588
|	20.880987835211588
|	20.880987835211588
|	20.880987835211588
||	12.0984764741486
||bessemer	19.5589961943809
furnace	6.069950220626724
|	20.880987835211588
|	20.880987835211588
|	20.880987835211588
|	20.880987835211588
|	20.880987835211588
|	20.880987835211588
||	12.0984764741486
||bessemer	19.5589961943809
furnace	6.069950220626724
|	20.880987835211588
|	20.880987835211588
|	20.880987835211588
|	20.880987835211588
|	20.880987835211588
|	20.880987835211588
||	12.0984764741486
||bessemer	19.5589961943809
furnace	6.069950220626724
|	20.880987835211588
|	20.880987835211588
|	20.880987835211588
||	12.0984764741486
|	20.880987835211588
||	12.0984764741486
||bessemer	19.5589961943809
furnace	6.069950220626724
|	20.880987835211588
|	20.880987835211588
|	20.880987835211588
|	20.880987835211588
|	20.880987835211588
|	20.880987835211588
||	12.0984764741486
||ferro	3.2598326990634834
manganese	3.2598326990634834
furnace|	2.9588027033995026
|	20.880987835211588
|	20.880987835211588
|	20.880987835211588
|	20.880987835211588
||basic	3.2598326990634834
furnace	6.069950220626724
|	20.880987835211588
|	20.880987835211588
|	20.880987835211588
