|	21.445338857784876
|	21.445338857784876
|	21.445338857784876
|	21.445338857784876
|	21.445338857784876
|	21.445338857784876
|	21.445338857784876
|	21.445338857784876
|	21.445338857784876
|	21.445338857784876
|	21.445338857784876
|	21.445338857784876
|	21.445338857784876
|	21.445338857784876
|	21.445338857784876
|	21.445338857784876
|	21.445338857784876
|	21.445338857784876
|	21.445338857784876
|	21.445338857784876
|	21.445338857784876
|	21.445338857784876
|gauge	2.6577727077355213
|	21.445338857784876
|	21.445338857784876
|pressure	2.5608626947274646
|	21.445338857784876
superheat	1.1106135864081037
|	21.445338857784876
|	21.445338857784876
||	1.7283537820212285
|	21.445338857784876
|	21.445338857784876
|	21.445338857784876
|	21.445338857784876
|	21.445338857784876
|	21.445338857784876
|	21.445338857784876
|	21.445338857784876
|	21.445338857784876
|	21.445338857784876
|	21.445338857784876
