|	23.138391925504735
calcium	4.291778693513294
chloride	4.291778693513294
|	23.138391925504735
|	23.138391925504735
|	23.138391925504735
|	23.138391925504735
calcium	4.291778693513294
nitrate	5.315545415471043
|	23.138391925504735
|	23.138391925504735
|	23.138391925504735
|	23.138391925504735
magnesium	9.039330796253934
carbonate	3.594869402329055
|	23.138391925504735
|	23.138391925504735
|	23.138391925504735
|	23.138391925504735
magnesium	9.039330796253934
sulphate	7.835210813598009
|	23.138391925504735
|	23.138391925504735
|	23.138391925504735
|	23.138391925504735
magnesium	9.039330796253934
chloride	4.291778693513294
|	23.138391925504735
|	23.138391925504735
|	23.138391925504735
|	23.138391925504735
magnesium	9.039330796253934
nitrate	5.315545415471043
|	23.138391925504735
|	23.138391925504735
|	23.138391925504735
|	23.138391925504735
ferrous	6.519665398126967
carbonate	3.594869402329055
|	23.138391925504735
|	23.138391925504735
|	23.138391925504735
|	23.138391925504735
ferrous	6.519665398126967
sulphate	7.835210813598009
|	23.138391925504735
|	23.138391925504735
|	23.138391925504735
|	23.138391925504735
ferric	2.9588027033995026
sulphate	7.835210813598009
|	23.138391925504735
|	23.138391925504735
|	23.138391925504735
|	23.138391925504735
aluminum	2.9588027033995026
sulphate	7.835210813598009
|	23.138391925504735
|	23.138391925504735
|	23.138391925504735
|	23.138391925504735
free	1.5355568294626945
