||	20.74024538425474
|	19.752285790065017
per	1.4492903438217162
hour	4.24420397714768
|	19.752285790065017
|	19.752285790065017
|	19.752285790065017
|	19.752285790065017
|	19.752285790065017
|	19.752285790065017
||	20.74024538425474
||	20.74024538425474
|b	3.071113658925389
per	1.4492903438217162
square	2.5826995010190967
foot	2.671106826003204
|	19.752285790065017
|	19.752285790065017
|	19.752285790065017
|	19.752285790065017
|	19.752285790065017
|	19.752285790065017
||	20.74024538425474
||	20.74024538425474
|	19.752285790065017
per	1.4492903438217162
hour	4.24420397714768
|	19.752285790065017
|	19.752285790065017
|	19.752285790065017
|	19.752285790065017
|	19.752285790065017
|	19.752285790065017
||	20.74024538425474
||	20.74024538425474
|b	3.071113658925389
per	1.4492903438217162
square	2.5826995010190967
foot	2.671106826003204
|	19.752285790065017
|	19.752285790065017
|	19.752285790065017
|	19.752285790065017
|	19.752285790065017
|	19.752285790065017
||	20.74024538425474
||	20.74024538425474
|	19.752285790065017
per	1.4492903438217162
hour	4.24420397714768
per	1.4492903438217162
|	19.752285790065017
|	19.752285790065017
|	19.752285790065017
|	19.752285790065017
|	19.752285790065017
|	19.752285790065017
||	20.74024538425474
||	20.74024538425474
|	19.752285790065017
difference	1.3965098389430277
|	19.752285790065017
||	20.74024538425474
