|	19.18793476749173
|	19.18793476749173
|	19.18793476749173
monongahela	2.9588027033995026
|	19.18793476749173
bernmont	3.2598326990634834
|	19.18793476749173
|	19.18793476749173
|	19.18793476749173
harrison	5.917605406799005
|	19.18793476749173
pittsburgh	2.0293837776852097
|	19.18793476749173
ocean	2.7827114443438212
|	19.18793476749173
mine	2.0952901893190514
run	2.6815092133748193
|	19.18793476749173
|	19.18793476749173
harrison	5.917605406799005
|	19.18793476749173
|	19.18793476749173
girard	3.2598326990634834
|	19.18793476749173
nut	1.5438293554286844
pea	1.2821090937746358
|	19.18793476749173
|	19.18793476749173
|	19.18793476749173
|	19.18793476749173
|	19.18793476749173
|	19.18793476749173
slack	2.0045601939601774
|	19.18793476749173
|	19.18793476749173
kanawha	6.519665398126967
|	19.18793476749173
winifrede	6.519665398126967
|	19.18793476749173
winifrede	6.519665398126967
|	19.18793476749173
|	19.18793476749173
|	19.18793476749173
kanawha	6.519665398126967
|	19.18793476749173
keystone	6.519665398126967
|	19.18793476749173
keystone	6.519665398126967
|	19.18793476749173
mine	2.0952901893190514
run	2.6815092133748193
|	19.18793476749173
|	19.18793476749173
logan	3.2598326990634834
|	19.18793476749173
island	2.5608626947274646
