|	29.910604196384167
|	29.910604196384167
|	29.910604196384167
|	29.910604196384167
|	29.910604196384167
|	29.910604196384167
|	29.910604196384167
|	29.910604196384167
|	29.910604196384167
|	29.910604196384167
|	29.910604196384167
|	29.910604196384167
|	29.910604196384167
|	29.910604196384167
|	29.910604196384167
|	29.910604196384167
|	29.910604196384167
|	29.910604196384167
|	29.910604196384167
|	29.910604196384167
|	29.910604196384167
|	29.910604196384167
|	29.910604196384167
|	29.910604196384167
|	29.910604196384167
|	29.910604196384167
|	29.910604196384167
|	29.910604196384167
|	29.910604196384167
|	29.910604196384167
|	29.910604196384167
|	29.910604196384167
|	29.910604196384167
|	29.910604196384167
|	29.910604196384167
|	29.910604196384167
|	29.910604196384167
|	29.910604196384167
|	29.910604196384167
|	29.910604196384167
|	29.910604196384167
|	29.910604196384167
|	29.910604196384167
|	29.910604196384167
|	29.910604196384167
|	29.910604196384167
|	29.910604196384167
|	29.910604196384167
|	29.910604196384167
|	29.910604196384167
|	29.910604196384167
|	29.910604196384167
|	29.910604196384167
