|	27.653200106091024
|	27.653200106091024
|	27.653200106091024
|	27.653200106091024
|	27.653200106091024
|	27.653200106091024
|	27.653200106091024
|	27.653200106091024
|	27.653200106091024
|	27.653200106091024
|	27.653200106091024
|	27.653200106091024
|	27.653200106091024
|	27.653200106091024
|	27.653200106091024
|	27.653200106091024
|	27.653200106091024
|	27.653200106091024
|	27.653200106091024
|	27.653200106091024
|	27.653200106091024
|	27.653200106091024
|	27.653200106091024
|	27.653200106091024
|	27.653200106091024
|	27.653200106091024
|	27.653200106091024
|	27.653200106091024
|	27.653200106091024
|	27.653200106091024
|	27.653200106091024
|	27.653200106091024
|	27.653200106091024
|	27.653200106091024
|	27.653200106091024
|	27.653200106091024
|	27.653200106091024
|	27.653200106091024
|	27.653200106091024
|	27.653200106091024
|	27.653200106091024
|	27.653200106091024
|	27.653200106091024
|	27.653200106091024
|	27.653200106091024
|	27.653200106091024
|	27.653200106091024
|	27.653200106091024
|	27.653200106091024
