|	27.088849083517736
|	27.088849083517736
|	27.088849083517736
|	27.088849083517736
|	27.088849083517736
|	27.088849083517736
|	27.088849083517736
|	27.088849083517736
|	27.088849083517736
|	27.088849083517736
|	27.088849083517736
|	27.088849083517736
|	27.088849083517736
geo	1.6470488423437482
s|	1.8796214573518775
|	27.088849083517736
|	27.088849083517736
|	27.088849083517736
|	27.088849083517736
|	27.088849083517736
|	27.088849083517736
|	27.088849083517736
|	27.088849083517736
|	27.088849083517736
|	27.088849083517736
|	27.088849083517736
|	27.088849083517736
|	27.088849083517736
|	27.088849083517736
|	27.088849083517736
|	27.088849083517736
|	27.088849083517736
|	27.088849083517736
|	27.088849083517736
|	27.088849083517736
|	27.088849083517736
|	27.088849083517736
|	27.088849083517736
|	27.088849083517736
|	27.088849083517736
|	27.088849083517736
|	27.088849083517736
co|	3.2598326990634834
|	27.088849083517736
|	27.088849083517736
|	27.088849083517736
|	27.088849083517736
|	27.088849083517736
|	27.088849083517736
|	27.088849083517736
|	27.088849083517736
