|	28.217551128664308
|	28.217551128664308
|	28.217551128664308
|	28.217551128664308
|	28.217551128664308
|	28.217551128664308
|	28.217551128664308
|	28.217551128664308
|	28.217551128664308
|	28.217551128664308
|	28.217551128664308
|	28.217551128664308
|	28.217551128664308
whitham	2.7827114443438212
|	28.217551128664308
|	28.217551128664308
|	28.217551128664308
|	28.217551128664308
|	28.217551128664308
|	28.217551128664308
|	28.217551128664308
|	28.217551128664308
|	28.217551128664308
|	28.217551128664308
|	28.217551128664308
|	28.217551128664308
|	28.217551128664308
|	28.217551128664308
|	28.217551128664308
|	28.217551128664308
|	28.217551128664308
|	28.217551128664308
|	28.217551128664308
|	28.217551128664308
|	28.217551128664308
|	28.217551128664308
|	28.217551128664308
|	28.217551128664308
|	28.217551128664308
|	28.217551128664308
|	28.217551128664308
|	28.217551128664308
|	28.217551128664308
|	28.217551128664308
|	28.217551128664308
|	28.217551128664308
|	28.217551128664308
|	28.217551128664308
|	28.217551128664308
lord	2.5608626947274646
haas	2.6577727077355213
|	28.217551128664308
|	28.217551128664308
