|	22.00968988035816
|	22.00968988035816
|	22.00968988035816
|	22.00968988035816
|	22.00968988035816
|	22.00968988035816
|	22.00968988035816
|	22.00968988035816
|	22.00968988035816
|	22.00968988035816
|	22.00968988035816
|	22.00968988035816
|	22.00968988035816
|	22.00968988035816
|	22.00968988035816
|	22.00968988035816
|	22.00968988035816
|	22.00968988035816
|	22.00968988035816
|	22.00968988035816
|	22.00968988035816
|	22.00968988035816
|	22.00968988035816
|	22.00968988035816
|	22.00968988035816
|	22.00968988035816
|	22.00968988035816
|	22.00968988035816
|	22.00968988035816
|	22.00968988035816
|	22.00968988035816
|	22.00968988035816
|	22.00968988035816
|	22.00968988035816
|	22.00968988035816
|	22.00968988035816
|	22.00968988035816
|	22.00968988035816
|	22.00968988035816
