|	20.3166368126383
|	20.3166368126383
|	20.3166368126383
|	20.3166368126383
|	20.3166368126383
|	20.3166368126383
|	20.3166368126383
|	20.3166368126383
|	20.3166368126383
|	20.3166368126383
|	20.3166368126383
|	20.3166368126383
|	20.3166368126383
|	20.3166368126383
|	20.3166368126383
|	20.3166368126383
|	20.3166368126383
|	20.3166368126383
|	20.3166368126383
|	20.3166368126383
|	20.3166368126383
|	20.3166368126383
|	20.3166368126383
|	20.3166368126383
|	20.3166368126383
|	20.3166368126383
|	20.3166368126383
|	20.3166368126383
|	20.3166368126383
|	20.3166368126383
|	20.3166368126383
|	20.3166368126383
|	20.3166368126383
|	20.3166368126383
|	20.3166368126383
|	20.3166368126383
elbows	2.9588027033995026
globe	2.7827114443438212
valves	1.8981048630458908
