|	45.71243282843618
|	45.71243282843618
|	45.71243282843618
|	45.71243282843618
|	45.71243282843618
|	45.71243282843618
|	45.71243282843618
|	45.71243282843618
|	45.71243282843618
|	45.71243282843618
|	45.71243282843618
|	45.71243282843618
|	45.71243282843618
|	45.71243282843618
|	45.71243282843618
|	45.71243282843618
|	45.71243282843618
|	45.71243282843618
|	45.71243282843618
|	45.71243282843618
|	45.71243282843618
|	45.71243282843618
|	45.71243282843618
|	45.71243282843618
|	45.71243282843618
|	45.71243282843618
|	45.71243282843618
|	45.71243282843618
|	45.71243282843618
|	45.71243282843618
|	45.71243282843618
|	45.71243282843618
|	45.71243282843618
|	45.71243282843618
|	45.71243282843618
|	45.71243282843618
|	45.71243282843618
|	45.71243282843618
|	45.71243282843618
|	45.71243282843618
|	45.71243282843618
|	45.71243282843618
|	45.71243282843618
|	45.71243282843618
|	45.71243282843618
|	45.71243282843618
|	45.71243282843618
|	45.71243282843618
|	45.71243282843618
|	45.71243282843618
|	45.71243282843618
|	45.71243282843618
|	45.71243282843618
|	45.71243282843618
|	45.71243282843618
|	45.71243282843618
|	45.71243282843618
|	45.71243282843618
|	45.71243282843618
|	45.71243282843618
|	45.71243282843618
|	45.71243282843618
|	45.71243282843618
|	45.71243282843618
|	45.71243282843618
|	45.71243282843618
|	45.71243282843618
|	45.71243282843618
|	45.71243282843618
|	45.71243282843618
|	45.71243282843618
|	45.71243282843618
|	45.71243282843618
|	45.71243282843618
|	45.71243282843618
|	45.71243282843618
|	45.71243282843618
|	45.71243282843618
|	45.71243282843618
|	45.71243282843618
|	45.71243282843618
