|	19.18793476749173
|	19.18793476749173
|specific|one	3.2598326990634834
cubic|	3.2598326990634834
|	19.18793476749173
|	19.18793476749173
chemical	1.8448593510926656
|gravity	3.2598326990634834
|	19.18793476749173
foot	1.335553413001602
|one	3.2598326990634834
|	19.18793476749173
|	19.18793476749173
|	19.18793476749173
symbol	2.5608626947274646
|	19.18793476749173
air=	3.2598326990634834
|	19.18793476749173
pounds	1.0045601939601776
|cubic	2.414734659049227
feet|	2.6577727077355213
exact	2.0045601939601774
|	19.18793476749173
imate	1.0293837776852097
|	19.18793476749173
|oxygen	2.9588027033995026
|	19.18793476749173
|	19.18793476749173
|	19.18793476749173
|	19.18793476749173
|	19.18793476749173
|	19.18793476749173
|	19.18793476749173
|nitrogen	3.2598326990634834
|	19.18793476749173
|	19.18793476749173
|	19.18793476749173
|	19.18793476749173
|	19.18793476749173
|	19.18793476749173
|	19.18793476749173
|hydrogen	2.7827114443438212
|	19.18793476749173
|	19.18793476749173
|	19.18793476749173
|	19.18793476749173
|	19.18793476749173
|	19.18793476749173
|	19.18793476749173
|carbon	2.5608626947274646
|	19.18793476749173
