|	16.3661796546253
|	16.3661796546253
|	16.3661796546253
|	16.3661796546253
|	16.3661796546253
|	16.3661796546253
|	16.3661796546253
|	16.3661796546253
|	16.3661796546253
|	16.3661796546253
|	16.3661796546253
|	16.3661796546253
|	16.3661796546253
|	16.3661796546253
|	16.3661796546253
pa	1.1682863813533693
|	16.3661796546253
lycoming	2.9588027033995026
|	16.3661796546253
loyalsock	2.9588027033995026
|	16.3661796546253
|	16.3661796546253
|	16.3661796546253
|	16.3661796546253
pa	1.1682863813533693
|	16.3661796546253
sullivan	5.5654228886876425
|	16.3661796546253
|	16.3661796546253
lopez	3.2598326990634834
|	16.3661796546253
|	16.3661796546253
|	16.3661796546253
pa	1.1682863813533693
|	16.3661796546253
sullivan	5.5654228886876425
|	16.3661796546253
bernice	2.9588027033995026
