|	22.00968988035816
pa	2.3365727627067385
|	22.00968988035816
tioga	2.9588027033995026
|	22.00968988035816
|	22.00968988035816
antrim	3.2598326990634834
|	22.00968988035816
|	22.00968988035816
|	22.00968988035816
pa	2.3365727627067385
|	22.00968988035816
cambria	12.804313473637324
|	22.00968988035816
miller	10.631090830942085
|	22.00968988035816
soriman	3.2598326990634834
shaft	3.2598326990634834
|	22.00968988035816
|	22.00968988035816
|	22.00968988035816
|	22.00968988035816
|	22.00968988035816
|	22.00968988035816
|	22.00968988035816
|	22.00968988035816
|	22.00968988035816
pa	2.3365727627067385
|	22.00968988035816
cambria	12.804313473637324
|	22.00968988035816
miller	10.631090830942085
|	22.00968988035816
henrietta	2.9588027033995026
|	22.00968988035816
|	22.00968988035816
|	22.00968988035816
pa	2.3365727627067385
|	22.00968988035816
cambria	12.804313473637324
|	22.00968988035816
miller	10.631090830942085
|	22.00968988035816
penker	3.2598326990634834
|	22.00968988035816
|	22.00968988035816
|	22.00968988035816
pa	2.3365727627067385
|	22.00968988035816
cambria	12.804313473637324
|	22.00968988035816
miller	10.631090830942085
|	22.00968988035816
lancashire	2.9588027033995026
|	22.00968988035816
|	22.00968988035816
|	22.00968988035816
pa	2.3365727627067385
|	22.00968988035816
cambria	12.804313473637324
|	22.00968988035816
lower	1.346018846679767
