|	20.3166368126383
yosemite	3.2598326990634834
sugar	2.055712716407559
pine	2.5608626947274646
|	20.3166368126383
sawdust	12.073673295246135
hog	10.631090830942085
chips	8.348134333031464
|	20.3166368126383
|	20.3166368126383
|	20.3166368126383
|	20.3166368126383
redwood	9.77949809719045
|	20.3166368126383
sawdust	12.073673295246135
box	1.8981048630458908
mill	1.7827114443438212
|	20.3166368126383
|	20.3166368126383
|	20.3166368126383
|	20.3166368126383
douglas	3.2598326990634834
fir	1.5683230214781079
|	20.3166368126383
refuse	1.9588027033995024
hog	10.631090830942085
|	20.3166368126383
|	20.3166368126383
|	20.3166368126383
|	20.3166368126383
redwood	9.77949809719045
|	20.3166368126383
sawdust	12.073673295246135
hog	10.631090830942085
chips	8.348134333031464
|	20.3166368126383
|	20.3166368126383
|	20.3166368126383
|	20.3166368126383
redwood	9.77949809719045
|	20.3166368126383
sawdust	12.073673295246135
hog	10.631090830942085
chips	8.348134333031464
|	20.3166368126383
|	20.3166368126383
|	20.3166368126383
|	20.3166368126383
fir	1.5683230214781079
hemlock	3.2598326990634834
|	20.3166368126383
|	20.3166368126383
|	20.3166368126383
|	20.3166368126383
|	20.3166368126383
spruce	2.9588027033995026
cedar	3.2598326990634834
|	20.3166368126383
sawdust	12.073673295246135
|	20.3166368126383
|	20.3166368126383
|	20.3166368126383
|	20.3166368126383
