|	18.623583744918445
|	18.623583744918445
|	18.623583744918445
|	18.623583744918445
|	18.623583744918445
|ky	2.9588027033995026
state	1.2598326990634836
|	18.623583744918445
|	18.623583744918445
|	18.623583744918445
|	18.623583744918445
|	18.623583744918445
|	18.623583744918445
|	18.623583744918445
|	18.623583744918445
|	18.623583744918445
|	18.623583744918445
|	18.623583744918445
|	18.623583744918445
|	18.623583744918445
|	18.623583744918445
|	18.623583744918445
|	18.623583744918445
|	18.623583744918445
|	18.623583744918445
|	18.623583744918445
|	18.623583744918445
|	18.623583744918445
|	18.623583744918445
|	18.623583744918445
|	18.623583744918445
|	18.623583744918445
|	18.623583744918445
|	18.623583744918445
|	18.623583744918445
approximate	1.202927847727011
composition	1.636583408665583
calorific	1.5970748673819095
value	1.0639330466542498
certain	1.2067542555800639
typical	2.055712716407559
american	1.9174100182412774
