|	14.67312658690544
heater	2.7580382135653845
which	1.1096494794602951
water	1.1922635473476708
|	14.67312658690544
|	14.67312658690544
|	14.67312658690544
|	14.67312658690544
heated	2.39074941967313
|	14.67312658690544
|	14.67312658690544
|	14.67312658690544
|	14.67312658690544
|	14.67312658690544
|	14.67312658690544
|	14.67312658690544
|	14.67312658690544
|	14.67312658690544
|	14.67312658690544
|	14.67312658690544
|	14.67312658690544
pump	1.6470488423437482
feeding	2.055712716407559
|	14.67312658690544
|	14.67312658690544
|	14.67312658690544
|	14.67312658690544
water	1.1922635473476708
heater	2.7580382135653845
|	14.67312658690544
|	14.67312658690544
|	14.67312658690544
|	14.67312658690544
which	1.1096494794602951
heated	2.39074941967313
|	14.67312658690544
