|	14.67312658690544
|	14.67312658690544
|	14.67312658690544
|	14.67312658690544
|	14.67312658690544
|	14.67312658690544
|	14.67312658690544
|coefficient	3.2598326990634834
|	14.67312658690544
|	14.67312658690544
substance	1.7827114443438212
|	14.67312658690544
degrees	2.837896436082991
|	14.67312658690544
degrees	2.837896436082991
|	14.67312658690544
degrees	2.837896436082991
|	14.67312658690544
|	14.67312658690544
|	14.67312658690544
fahrenheit	2.511022650561682
|	14.67312658690544
fahrenheit	2.511022650561682
|	14.67312658690544
centigrade	1.9588027033995024
|	14.67312658690544
|brass	6.519665398126967
cast	1.6916309749964886
|	14.67312658690544
|	14.67312658690544
|	14.67312658690544
|	14.67312658690544
|brass	6.519665398126967
wire	2.145889346756647
|	14.67312658690544
|	14.67312658690544
|	14.67312658690544
|	14.67312658690544
|copper	2.7827114443438212
