|	26.52449806094445
|	26.52449806094445
|	26.52449806094445
|	26.52449806094445
|	26.52449806094445
|	26.52449806094445
geo	4.941146527031244
s|	5.638864372055632
|	26.52449806094445
|	26.52449806094445
|	26.52449806094445
|	26.52449806094445
|	26.52449806094445
|	26.52449806094445
|	26.52449806094445
|	26.52449806094445
|	26.52449806094445
|	26.52449806094445
|	26.52449806094445
|	26.52449806094445
|	26.52449806094445
|	26.52449806094445
|	26.52449806094445
|	26.52449806094445
|	26.52449806094445
|	26.52449806094445
|	26.52449806094445
|	26.52449806094445
|	26.52449806094445
|	26.52449806094445
|	26.52449806094445
|	26.52449806094445
|	26.52449806094445
|	26.52449806094445
|	26.52449806094445
geo	4.941146527031244
s|	5.638864372055632
|	26.52449806094445
|	26.52449806094445
|	26.52449806094445
|	26.52449806094445
|	26.52449806094445
|	26.52449806094445
|	26.52449806094445
|	26.52449806094445
|	26.52449806094445
|	26.52449806094445
|	26.52449806094445
|	26.52449806094445
|	26.52449806094445
geo	4.941146527031244
s|	5.638864372055632
|	26.52449806094445
