|steel	8.348134333031464
bessemer	2.7827114443438212
|	13.544424541758868
|	13.544424541758868
|	13.544424541758868
|	13.544424541758868
|rolled	2.9588027033995026
soft	2.0045601939601774
|	13.544424541758868
|	13.544424541758868
|	13.544424541758868
|	13.544424541758868
|steel	8.348134333031464
cast	3.3832619499929772
|	13.544424541758868
|	13.544424541758868
|	13.544424541758868
|	13.544424541758868
|french	3.2598326990634834
|	13.544424541758868
|	13.544424541758868
|	13.544424541758868
|	13.544424541758868
|steel	8.348134333031464
cast	3.3832619499929772
|	13.544424541758868
|	13.544424541758868
|	13.544424541758868
|	13.544424541758868
|annealed	3.2598326990634834
english	2.414734659049227
|	13.544424541758868
|	13.544424541758868
|	13.544424541758868
|	13.544424541758868
