|	23.70274294807802
|	23.70274294807802
|	23.70274294807802
|	23.70274294807802
|	23.70274294807802
|	23.70274294807802
authority	2.414734659049227
|	23.70274294807802
|	23.70274294807802
moisture	1.2145097202768262
|	23.70274294807802
volatile	1.715764654713208
|	23.70274294807802
fixed	1.6800491024466735
|	23.70274294807802
ash	1.1806514530158587
|	23.70274294807802
dry	1.2427993597647033
|	23.70274294807802
|	23.70274294807802
|	23.70274294807802
|	23.70274294807802
matter	1.460492149609902
|	23.70274294807802
carbon	1.0984646968285086
|	23.70274294807802
|	23.70274294807802
|	23.70274294807802
|	23.70274294807802
|	23.70274294807802
|	23.70274294807802
|	23.70274294807802
|	23.70274294807802
|	23.70274294807802
|	23.70274294807802
|	23.70274294807802
|	23.70274294807802
|	23.70274294807802
|	23.70274294807802
|	23.70274294807802
|	23.70274294807802
|	23.70274294807802
geo	1.6470488423437482
s|	1.8796214573518775
|	23.70274294807802
|	23.70274294807802
|	23.70274294807802
|	23.70274294807802
|	23.70274294807802
|	23.70274294807802
hill	2.1806514530158587
|	23.70274294807802
|	23.70274294807802
