|	14.108775564332154
|	14.108775564332154
|	14.108775564332154
|	14.108775564332154
|	14.108775564332154
|	14.108775564332154
characteristics	2.35674271207154
|	14.108775564332154
class	3.90237392022717
|	14.108775564332154
class	3.90237392022717
|	14.108775564332154
class	3.90237392022717
|	14.108775564332154
|	14.108775564332154
|	14.108775564332154
|	14.108775564332154
|	14.108775564332154
|	14.108775564332154
|	14.108775564332154
fuse	1.768471005229211
point	1.0345234173376208
|	14.108775564332154
safe	4.631488066286053
degrees|	7.07022813621462
safe	4.631488066286053
degrees|	7.07022813621462
safe	4.631488066286053
degrees|	7.07022813621462
|	14.108775564332154
fahrenheit	1.255511325280841
|	14.108775564332154
|	14.108775564332154
|	14.108775564332154
|	14.108775564332154
|	14.108775564332154
|	14.108775564332154
|	14.108775564332154
