||	3.456707564042457
|	15.237477609478727
|	15.237477609478727
|	15.237477609478727
||	3.456707564042457
|	15.237477609478727
|	15.237477609478727
|	15.237477609478727
|	15.237477609478727
|	15.237477609478727
|	15.237477609478727
|	15.237477609478727
|	15.237477609478727
|	15.237477609478727
|	15.237477609478727
|	15.237477609478727
|	15.237477609478727
|	15.237477609478727
|	15.237477609478727
|	15.237477609478727
|	15.237477609478727
|	15.237477609478727
|	15.237477609478727
|	15.237477609478727
|	15.237477609478727
|	15.237477609478727
|	15.237477609478727
|	15.237477609478727
|	15.237477609478727
