|	24.831444993224594
|	24.831444993224594
|	24.831444993224594
|	24.831444993224594
|	24.831444993224594
|	24.831444993224594
|	24.831444993224594
|	24.831444993224594
|	24.831444993224594
|	24.831444993224594
|	24.831444993224594
|	24.831444993224594
|	24.831444993224594
|	24.831444993224594
|	24.831444993224594
|	24.831444993224594
|	24.831444993224594
|	24.831444993224594
|	24.831444993224594
|	24.831444993224594
|	24.831444993224594
|	24.831444993224594
|	24.831444993224594
|	24.831444993224594
|	24.831444993224594
|	24.831444993224594
|	24.831444993224594
|	24.831444993224594
|	24.831444993224594
|	24.831444993224594
|	24.831444993224594
|	24.831444993224594
|	24.831444993224594
|	24.831444993224594
|	24.831444993224594
|	24.831444993224594
|	24.831444993224594
|	24.831444993224594
|	24.831444993224594
|	24.831444993224594
|	24.831444993224594
|	24.831444993224594
|	24.831444993224594
|	24.831444993224594
