|	12.980073519185582
|	12.980073519185582
|	12.980073519185582
|	12.980073519185582
|	12.980073519185582
|	12.980073519185582
anthracites	2.5608626947274646
|	12.980073519185582
|	12.980073519185582
|	12.980073519185582
|	12.980073519185582
|	12.980073519185582
|	12.980073519185582
|	12.980073519185582
|	12.980073519185582
|	12.980073519185582
|	12.980073519185582
carbon	1.0984646968285086
|	12.980073519185582
lehigh	2.5608626947274646
|	12.980073519185582
beaver	2.9588027033995026
meadow	2.9588027033995026
|	12.980073519185582
|	12.980073519185582
|	12.980073519185582
|	12.980073519185582
dauphin	3.2598326990634834
|	12.980073519185582
schuylk	2.5608626947274646
