|	31.603657264104026
elm	2.5608626947274646
|	31.603657264104026
|	31.603657264104026
|	31.603657264104026
|	31.603657264104026
|	31.603657264104026
|	31.603657264104026
|	31.603657264104026
|	31.603657264104026
beech	2.7827114443438212
|	31.603657264104026
|	31.603657264104026
|	31.603657264104026
|	31.603657264104026
|	31.603657264104026
|	31.603657264104026
|	31.603657264104026
|	31.603657264104026
birch	2.9588027033995026
|	31.603657264104026
|	31.603657264104026
|	31.603657264104026
|	31.603657264104026
|	31.603657264104026
|	31.603657264104026
|	31.603657264104026
|	31.603657264104026
|	31.603657264104026
|	31.603657264104026
|	31.603657264104026
|	31.603657264104026
|	31.603657264104026
|	31.603657264104026
|	31.603657264104026
|	31.603657264104026
pine	2.5608626947274646
|	31.603657264104026
|	31.603657264104026
|	31.603657264104026
|	31.603657264104026
|	31.603657264104026
|	31.603657264104026
|	31.603657264104026
|	31.603657264104026
poplar	2.9588027033995026
|	31.603657264104026
|	31.603657264104026
|	31.603657264104026
|	31.603657264104026
|	31.603657264104026
|	31.603657264104026
|	31.603657264104026
|	31.603657264104026
willow	2.9588027033995026
|	31.603657264104026
|	31.603657264104026
|	31.603657264104026
|	31.603657264104026
|	31.603657264104026
|	31.603657264104026
|	31.603657264104026
wood	3.175469682255532
usually	1.5438293554286844
classified	2.48168144867984
hard	1.6163800225772962
wood	3.175469682255532
