|coke	3.2598326990634834
|	16.930530677198586
|	16.930530677198586
|	16.930530677198586
|	16.930530677198586
|	16.930530677198586
|anthracite	2.5608626947274646
coal	1.6633958100693895
|	16.930530677198586
|	16.930530677198586
|	16.930530677198586
|	16.930530677198586
|	16.930530677198586
|bituminous	2.7827114443438212
coal	1.6633958100693895
|	16.930530677198586
|	16.930530677198586
|	16.930530677198586
|	16.930530677198586
|	16.930530677198586
|lignite	2.7827114443438212
|	16.930530677198586
|	16.930530677198586
|	16.930530677198586
|	16.930530677198586
|	16.930530677198586
|wood	2.9588027033995026
|	16.930530677198586
|	16.930530677198586
|	16.930530677198586
|	16.930530677198586
|	16.930530677198586
|oil	3.2598326990634834
|	16.930530677198586
|	16.930530677198586
|	16.930530677198586
|	16.930530677198586
|	16.930530677198586
