|	16.3661796546253
|	16.3661796546253
|	16.3661796546253
lime	1.8796214573518775
|	16.3661796546253
|	16.3661796546253
|	16.3661796546253
|	16.3661796546253
|	16.3661796546253
|	16.3661796546253
grease	2.9588027033995026
|	16.3661796546253
corrosion	1.9376134043295643
|	16.3661796546253
filter	2.7827114443438212
iron	1.4964047055005463
alum	2.35674271207154
|	16.3661796546253
|	16.3661796546253
|	16.3661796546253
|	16.3661796546253
coagulent	2.6577727077355213
neutralization	2.9588027033995026
|	16.3661796546253
|	16.3661796546253
|	16.3661796546253
|	16.3661796546253
carbonate	1.7974347011645275
soda	1.861892690391446
|	16.3661796546253
|	16.3661796546253
|	16.3661796546253
|	16.3661796546253
best	1.315350026913315
hydrocarbon	2.1806514530158587
oils	2.1137046633852457
|	16.3661796546253
|	16.3661796546253
|	16.3661796546253
|	16.3661796546253
|	16.3661796546253
|	16.3661796546253
organic	2.2184400139052585
