|	34.425412376970456
|	34.425412376970456
|icy	3.2598326990634834
coal|	2.9588027033995026
|	34.425412376970456
|	34.425412376970456
|	34.425412376970456
|	34.425412376970456
|	34.425412376970456
|	34.425412376970456
|	34.425412376970456
|	34.425412376970456
|	34.425412376970456
|	34.425412376970456
|	34.425412376970456
|	34.425412376970456
iron	1.4964047055005463
|	34.425412376970456
|	34.425412376970456
|	34.425412376970456
|	34.425412376970456
|	34.425412376970456
|	34.425412376970456
|	34.425412376970456
|	34.425412376970456
|	34.425412376970456
|	34.425412376970456
|	34.425412376970456
|	34.425412376970456
horse	1.1359810580963978
|	34.425412376970456
|	34.425412376970456
|	34.425412376970456
|	34.425412376970456
|	34.425412376970456
|	34.425412376970456
|	34.425412376970456
|	34.425412376970456
|	34.425412376970456
|	34.425412376970456
|	34.425412376970456
|ala|	3.2598326990634834
creek	2.1137046633852457
|	34.425412376970456
||	3.456707564042457
||	3.456707564042457
|	34.425412376970456
|	34.425412376970456
|	34.425412376970456
|central	3.2598326990634834
|	34.425412376970456
|	34.425412376970456
|	34.425412376970456
|	34.425412376970456
|	34.425412376970456
|	34.425412376970456
|	34.425412376970456
|	34.425412376970456
|	34.425412376970456
|	34.425412376970456
|	34.425412376970456
|	34.425412376970456
|c	1.636583408665583
|	34.425412376970456
|	34.425412376970456
|	34.425412376970456
|	34.425412376970456
|	34.425412376970456
|	34.425412376970456
|	34.425412376970456
|	34.425412376970456
