|	22.00968988035816
ohio	9.222360758496635
|	22.00968988035816
belmont	3.2598326990634834
|	22.00968988035816
pittsburgh	2.0293837776852097
|	22.00968988035816
neff	2.9588027033995026
|	22.00968988035816
mine	2.0952901893190514
run	4.0222638200622285
|	22.00968988035816
|	22.00968988035816
|	22.00968988035816
|	22.00968988035816
|	22.00968988035816
|	22.00968988035816
|	22.00968988035816
|	22.00968988035816
ohio	9.222360758496635
|	22.00968988035816
columbiana	3.2598326990634834
|	22.00968988035816
middle	4.436880027810517
|	22.00968988035816
palestine	3.2598326990634834
|	22.00968988035816
|	22.00968988035816
|	22.00968988035816
|	22.00968988035816
|	22.00968988035816
kittanning	5.315545415471043
|	22.00968988035816
|	22.00968988035816
|	22.00968988035816
|	22.00968988035816
ohio	9.222360758496635
|	22.00968988035816
coshocton	3.2598326990634834
|	22.00968988035816
middle	4.436880027810517
|	22.00968988035816
morgan	2.7827114443438212
run	4.0222638200622285
|	22.00968988035816
mine	2.0952901893190514
run	4.0222638200622285
|	22.00968988035816
|	22.00968988035816
|	22.00968988035816
|	22.00968988035816
kittanning	5.315545415471043
|	22.00968988035816
|	22.00968988035816
|	22.00968988035816
|	22.00968988035816
ohio	9.222360758496635
|	22.00968988035816
guernsey	3.2598326990634834
|	22.00968988035816
vein	2.2184400139052585
