|	14.108775564332154
|	14.108775564332154
fahrenheit	1.255511325280841
|	14.108775564332154
|	14.108775564332154
|	14.108775564332154
|	14.108775564332154
|	14.108775564332154
|	14.108775564332154
|	14.108775564332154
alcohol	2.6577727077355213
|	14.108775564332154
|	14.108775564332154
|	14.108775564332154
|	14.108775564332154
|	14.108775564332154
|	14.108775564332154
|	14.108775564332154
|	14.108775564332154
mercury	2.1137046633852457
|	14.108775564332154
|	14.108775564332154
|	14.108775564332154
|	14.108775564332154
benzol	3.2598326990634834
|	14.108775564332154
|	14.108775564332154
|	14.108775564332154
|	14.108775564332154
