|java	2.9588027033995026
|	15.801828632052013
|	15.801828632052013
|	15.801828632052013
|	15.801828632052013
||	8.641768910106142
|	15.801828632052013
||	8.641768910106142
|	15.801828632052013
|austria	3.2598326990634834
galicia	3.2598326990634834
|	15.801828632052013
|	15.801828632052013
|	15.801828632052013
|	15.801828632052013
||	8.641768910106142
|	15.801828632052013
||	8.641768910106142
|	15.801828632052013
|italy	3.2598326990634834
parma	3.2598326990634834
|	15.801828632052013
|	15.801828632052013
|	15.801828632052013
|	15.801828632052013
||	8.641768910106142
|	15.801828632052013
|	15.801828632052013
|	15.801828632052013
|	15.801828632052013
|borneo	3.2598326990634834
|	15.801828632052013
|	15.801828632052013
|	15.801828632052013
|	15.801828632052013
|	15.801828632052013
|	15.801828632052013
|	15.801828632052013
|	15.801828632052013
