|	18.623583744918445
|	18.623583744918445
|	18.623583744918445
|	18.623583744918445
|	18.623583744918445
|	18.623583744918445
|	18.623583744918445
|	18.623583744918445
|	18.623583744918445
|	18.623583744918445
|	18.623583744918445
|	18.623583744918445
|	18.623583744918445
|	18.623583744918445
|	18.623583744918445
|	18.623583744918445
|	18.623583744918445
|	18.623583744918445
|	18.623583744918445
|	18.623583744918445
|	18.623583744918445
|	18.623583744918445
|	18.623583744918445
|	18.623583744918445
|	18.623583744918445
|	18.623583744918445
|	18.623583744918445
|	18.623583744918445
|	18.623583744918445
|	18.623583744918445
|	18.623583744918445
|	18.623583744918445
|	18.623583744918445
||	1.7283537820212285
