++	2.6577727077355213
||	17.283537820212285
|	16.930530677198586
|	16.930530677198586
|	16.930530677198586
|	16.930530677198586
|btu	3.2598326990634834
value	1.0639330466542498
per|	2.48168144867984
||	17.283537820212285
||	17.283537820212285
|	16.930530677198586
|	16.930530677198586
fiber	2.1806514530158587
|	16.930530677198586
sugar	2.055712716407559
|molasses	3.2598326990634834
|pound	2.35674271207154
bagasse|	2.9588027033995026
||	17.283537820212285
||	17.283537820212285
|	16.930530677198586
||	17.283537820212285
||	17.283537820212285
|	16.930530677198586
|	16.930530677198586
|	16.930530677198586
|	16.930530677198586
|	16.930530677198586
|	16.930530677198586
|	16.930530677198586
|	16.930530677198586
|	16.930530677198586
|	16.930530677198586
|	16.930530677198586
||	17.283537820212285
||	17.283537820212285
|	16.930530677198586
|	16.930530677198586
|	16.930530677198586
|	16.930530677198586
|	16.930530677198586
|	16.930530677198586
|	16.930530677198586
|	16.930530677198586
|	16.930530677198586
|	16.930530677198586
|	16.930530677198586
||	17.283537820212285
