table	1.0503176845208526
tests	1.5522625229655471
babcock	1.011859432701677
wilcox	1.0268365886713298
various	1.346018846679767
fuels	1.5039578433909921
|number|	2.5608626947274646
|	12.980073519185582
|	12.980073519185582
|	12.980073519185582
|	12.980073519185582
|	12.980073519185582
|	12.980073519185582
name	1.8448593510926656
location	2.0045601939601774
|	12.980073519185582
kind	3.6897187021853313
|	12.980073519185582
kind	3.6897187021853313
|	12.980073519185582
horse	1.1359810580963978
|	12.980073519185582
|	12.980073519185582
test	1.1231121319070767
|	12.980073519185582
plant	1.1492429887642346
|	12.980073519185582
|	12.980073519185582
|power	2.9588027033995026
of|	2.5608626947274646
|	12.980073519185582
|	12.980073519185582
|	12.980073519185582
|	12.980073519185582
|	12.980073519185582
|	12.980073519185582
|	12.980073519185582
|	12.980073519185582
|	12.980073519185582
