|	23.70274294807802
t|	3.071113658925389
|	23.70274294807802
|	23.70274294807802
|	23.70274294807802
|	23.70274294807802
|	23.70274294807802
|	23.70274294807802
|	23.70274294807802
|	23.70274294807802
v|	3.6897187021853313
|	23.70274294807802
|	23.70274294807802
|	23.70274294807802
|	23.70274294807802
|	23.70274294807802
|	23.70274294807802
|	23.70274294807802
|	23.70274294807802
h|	3.594869402329055
|	23.70274294807802
|	23.70274294807802
|	23.70274294807802
|	23.70274294807802
|	23.70274294807802
|	23.70274294807802
|	23.70274294807802
|	23.70274294807802
t|	3.071113658925389
|	23.70274294807802
|	23.70274294807802
|	23.70274294807802
|	23.70274294807802
|	23.70274294807802
|	23.70274294807802
|	23.70274294807802
|	23.70274294807802
v|	3.6897187021853313
|	23.70274294807802
|	23.70274294807802
|	23.70274294807802
|	23.70274294807802
|	23.70274294807802
|	23.70274294807802
|	23.70274294807802
|	23.70274294807802
h|	3.594869402329055
|	23.70274294807802
