|	36.6828164672636
|	36.6828164672636
|	36.6828164672636
|	36.6828164672636
|	36.6828164672636
|	36.6828164672636
|	36.6828164672636
|	36.6828164672636
|	36.6828164672636
|	36.6828164672636
|	36.6828164672636
|	36.6828164672636
|	36.6828164672636
|	36.6828164672636
|	36.6828164672636
|	36.6828164672636
|	36.6828164672636
|	36.6828164672636
|	36.6828164672636
||	8.641768910106142
|	36.6828164672636
|	36.6828164672636
|	36.6828164672636
|	36.6828164672636
|	36.6828164672636
|	36.6828164672636
|	36.6828164672636
||	8.641768910106142
|	36.6828164672636
|	36.6828164672636
|	36.6828164672636
|	36.6828164672636
|	36.6828164672636
|	36.6828164672636
|	36.6828164672636
||	8.641768910106142
|	36.6828164672636
|	36.6828164672636
|	36.6828164672636
|	36.6828164672636
|	36.6828164672636
|	36.6828164672636
|	36.6828164672636
||	8.641768910106142
|	36.6828164672636
|	36.6828164672636
|	36.6828164672636
|	36.6828164672636
|	36.6828164672636
|	36.6828164672636
|	36.6828164672636
||	8.641768910106142
|	36.6828164672636
|	36.6828164672636
|	36.6828164672636
|	36.6828164672636
|	36.6828164672636
|	36.6828164672636
|	36.6828164672636
|	36.6828164672636
|	36.6828164672636
|	36.6828164672636
|	36.6828164672636
|	36.6828164672636
|	36.6828164672636
|	36.6828164672636
|	36.6828164672636
|	36.6828164672636
|	36.6828164672636
|	36.6828164672636
+	1.0293837776852097
