table	1.0503176845208526
typical	2.055712716407559
analyses	1.8126746677212644
coke	1.8284689349044962
oven	1.9174100182412774
++	2.6577727077355213
|co	2.0293837776852097
|	5.079159203159575
|btu	3.2598326990634834
per||	3.2598326990634834
||	15.555184038191056
|	5.079159203159575
|	5.079159203159575
|	5.079159203159575
|	5.079159203159575
|	5.079159203159575
|cubic	2.414734659049227
foot||	3.2598326990634834
||	15.555184038191056
||	15.555184038191056
||	15.555184038191056
||	15.555184038191056
||	15.555184038191056
|	5.079159203159575
||	15.555184038191056
||	15.555184038191056
||	15.555184038191056
|	5.079159203159575
|	5.079159203159575
