|	29.34625317381088
|	29.34625317381088
|	29.34625317381088
|	29.34625317381088
|	29.34625317381088
|	29.34625317381088
|	29.34625317381088
|	29.34625317381088
|	29.34625317381088
|	29.34625317381088
|	29.34625317381088
|	29.34625317381088
|	29.34625317381088
|	29.34625317381088
|	29.34625317381088
|	29.34625317381088
|	29.34625317381088
|	29.34625317381088
|	29.34625317381088
|	29.34625317381088
|	29.34625317381088
|	29.34625317381088
|	29.34625317381088
|	29.34625317381088
|	29.34625317381088
|	29.34625317381088
|	29.34625317381088
|	29.34625317381088
|	29.34625317381088
|	29.34625317381088
|	29.34625317381088
|	29.34625317381088
|	29.34625317381088
|	29.34625317381088
|	29.34625317381088
|	29.34625317381088
|	29.34625317381088
|	29.34625317381088
|	29.34625317381088
|	29.34625317381088
|	29.34625317381088
|	29.34625317381088
|	29.34625317381088
|	29.34625317381088
|	29.34625317381088
|	29.34625317381088
|	29.34625317381088
|	29.34625317381088
|	29.34625317381088
|	29.34625317381088
|	29.34625317381088
|	29.34625317381088
