|	19.18793476749173
pa	1.9471439689222823
|	19.18793476749173
schuylkill	2.6577727077355213
|	19.18793476749173
|	19.18793476749173
york	2.1806514530158587
farm	2.9588027033995026
|	19.18793476749173
buckwheat	6.77949809719045
|	19.18793476749173
|	19.18793476749173
pa	1.9471439689222823
|	19.18793476749173
|	19.18793476749173
|	19.18793476749173
victoria	3.2598326990634834
|	19.18793476749173
buckwheat	6.77949809719045
|	19.18793476749173
|	19.18793476749173
pa	1.9471439689222823
|	19.18793476749173
carbon	2.196929393657017
|	19.18793476749173
lehigh	7.6825880841823935
|	19.18793476749173
lehigh	7.6825880841823935
|	19.18793476749173
buck	4.0587675553704194
pea	1.2821090937746358
|	19.18793476749173
|	19.18793476749173
|	19.18793476749173
|	19.18793476749173
|	19.18793476749173
wilkes	2.9588027033995026
|	19.18793476749173
|	19.18793476749173
|	19.18793476749173
pa	1.9471439689222823
|	19.18793476749173
carbon	2.196929393657017
|	19.18793476749173
lehigh	7.6825880841823935
|	19.18793476749173
|	19.18793476749173
buckwheat	6.77949809719045
|	19.18793476749173
|	19.18793476749173
pa	1.9471439689222823
|	19.18793476749173
lackawanna	2.9588027033995026
|	19.18793476749173
|del	3.2598326990634834
hud	2.9588027033995026
co|	3.2598326990634834
buck	4.0587675553704194
|	19.18793476749173
