fahrenheit	1.255511325280841
|	12.415722496612297
|	12.415722496612297
|	12.415722496612297
|	12.415722496612297
|	12.415722496612297
|	12.415722496612297
|	12.415722496612297
|	12.415722496612297
|	12.415722496612297
|	12.415722496612297
|	12.415722496612297
|	12.415722496612297
|	12.415722496612297
|	12.415722496612297
|	12.415722496612297
|	12.415722496612297
|	12.415722496612297
|	12.415722496612297
|	12.415722496612297
|	12.415722496612297
|	12.415722496612297
|	12.415722496612297
+|	1.8448593510926656
