|	29.34625317381088
|	29.34625317381088
|	29.34625317381088
|	29.34625317381088
|	29.34625317381088
|	29.34625317381088
|	29.34625317381088
|	29.34625317381088
|	29.34625317381088
|	29.34625317381088
|	29.34625317381088
|	29.34625317381088
|	29.34625317381088
|	29.34625317381088
|	29.34625317381088
|	29.34625317381088
||	3.456707564042457
+	2.0587675553704194
|	29.34625317381088
|	29.34625317381088
|	29.34625317381088
|	29.34625317381088
|	29.34625317381088
|	29.34625317381088
|	29.34625317381088
|	29.34625317381088
|	29.34625317381088
|	29.34625317381088
|	29.34625317381088
|	29.34625317381088
|	29.34625317381088
|	29.34625317381088
|	29.34625317381088
|	29.34625317381088
|	29.34625317381088
|	29.34625317381088
||	3.456707564042457
+	2.0587675553704194
|	29.34625317381088
|	29.34625317381088
|	29.34625317381088
|	29.34625317381088
|	29.34625317381088
|	29.34625317381088
|	29.34625317381088
|	29.34625317381088
|	29.34625317381088
|	29.34625317381088
|	29.34625317381088
|	29.34625317381088
|	29.34625317381088
|	29.34625317381088
|	29.34625317381088
|	29.34625317381088
|	29.34625317381088
|	29.34625317381088
