|	27.088849083517736
|b	1.5355568294626945
|	27.088849083517736
|	27.088849083517736
|	27.088849083517736
|	27.088849083517736
|	27.088849083517736
|	27.088849083517736
|	27.088849083517736
|	27.088849083517736
|	27.088849083517736
|	27.088849083517736
|	27.088849083517736
|	27.088849083517736
|lower	3.2598326990634834
|	27.088849083517736
|	27.088849083517736
|	27.088849083517736
|	27.088849083517736
|	27.088849083517736
|	27.088849083517736
|	27.088849083517736
|	27.088849083517736
|	27.088849083517736
|	27.088849083517736
|	27.088849083517736
|	27.088849083517736
|	27.088849083517736
|	27.088849083517736
|	27.088849083517736
|	27.088849083517736
|	27.088849083517736
|	27.088849083517736
|	27.088849083517736
|	27.088849083517736
|	27.088849083517736
|pa	2.6577727077355213
|	27.088849083517736
|	27.088849083517736
||	1.7283537820212285
|	27.088849083517736
|	27.088849083517736
|	27.088849083517736
|	27.088849083517736
|indiana|	3.2598326990634834
|	27.088849083517736
|	27.088849083517736
|	27.088849083517736
|	27.088849083517736
|	27.088849083517736
|	27.088849083517736
|	27.088849083517736
|	27.088849083517736
