||	10.37012269212737
||	10.37012269212737
|	5.079159203159575
|	5.079159203159575
|	5.079159203159575
||	10.37012269212737
||	10.37012269212737
|	5.079159203159575
|	5.079159203159575
|	5.079159203159575
||	10.37012269212737
||	10.37012269212737
|	5.079159203159575
|	5.079159203159575
|	5.079159203159575
++	2.6577727077355213
design	1.1526227294156153
advance	2.2598326990634834
sugar	2.055712716407559
manufacture	1.741318759185596
came	2.35674271207154
described	1.7035301982961963
decrease	1.5522625229655471
amount	1.0423487548495773
bagasse	1.715764654713208
available	1.4337578963626572
