|	19.18793476749173
centigrade	1.9588027033995024
|	19.18793476749173
fahrenheit	1.255511325280841
|	19.18793476749173
|	19.18793476749173
|	19.18793476749173
|	19.18793476749173
|	19.18793476749173
|	19.18793476749173
|	19.18793476749173
|	19.18793476749173
|	19.18793476749173
|	19.18793476749173
|	19.18793476749173
|	19.18793476749173
regnault	7.07022813621462
|	19.18793476749173
|	19.18793476749173
|	19.18793476749173
|	19.18793476749173
|	19.18793476749173
regnault	7.07022813621462
|	19.18793476749173
|	19.18793476749173
|	19.18793476749173
|	19.18793476749173
|	19.18793476749173
regnault	7.07022813621462
|	19.18793476749173
|	19.18793476749173
|	19.18793476749173
|	19.18793476749173
|	19.18793476749173
holborn	5.5654228886876425
curtis	2.7827114443438212
|	19.18793476749173
|	19.18793476749173
|	19.18793476749173
|	19.18793476749173
|	19.18793476749173
holborn	5.5654228886876425
