|	34.98976339954374
|	34.98976339954374
|	34.98976339954374
|	34.98976339954374
|	34.98976339954374
|	34.98976339954374
|	34.98976339954374
|	34.98976339954374
|	34.98976339954374
|	34.98976339954374
draft	1.2264089435765337
damper	1.8981048630458908
|	34.98976339954374
inches	1.35674271207154
|	34.98976339954374
|	34.98976339954374
|	34.98976339954374
|	34.98976339954374
|	34.98976339954374
|	34.98976339954374
|	34.98976339954374
|	34.98976339954374
|	34.98976339954374
|	34.98976339954374
|	34.98976339954374
|	34.98976339954374
|	34.98976339954374
|	34.98976339954374
|	34.98976339954374
|	34.98976339954374
|	34.98976339954374
|	34.98976339954374
|	34.98976339954374
|	34.98976339954374
|	34.98976339954374
|	34.98976339954374
|	34.98976339954374
|	34.98976339954374
|	34.98976339954374
|	34.98976339954374
exit	2.2598326990634834
|	34.98976339954374
|	34.98976339954374
|	34.98976339954374
|	34.98976339954374
|	34.98976339954374
|	34.98976339954374
|	34.98976339954374
|	34.98976339954374
|	34.98976339954374
|	34.98976339954374
|	34.98976339954374
|	34.98976339954374
|	34.98976339954374
|	34.98976339954374
|	34.98976339954374
|	34.98976339954374
|	34.98976339954374
|	34.98976339954374
flue	1.255511325280841
|	34.98976339954374
|	34.98976339954374
|	34.98976339954374
|	34.98976339954374
|	34.98976339954374
|	34.98976339954374
|	34.98976339954374
