|	49.098538963875896
|	49.098538963875896
|	49.098538963875896
|	49.098538963875896
|	49.098538963875896
|	49.098538963875896
|	49.098538963875896
|	49.098538963875896
|	49.098538963875896
|	49.098538963875896
|	49.098538963875896
|	49.098538963875896
|	49.098538963875896
|	49.098538963875896
|	49.098538963875896
|	49.098538963875896
|	49.098538963875896
|	49.098538963875896
|	49.098538963875896
|	49.098538963875896
|	49.098538963875896
|	49.098538963875896
|	49.098538963875896
|	49.098538963875896
|	49.098538963875896
|	49.098538963875896
|	49.098538963875896
|	49.098538963875896
|	49.098538963875896
|	49.098538963875896
|	49.098538963875896
|	49.098538963875896
|	49.098538963875896
|	49.098538963875896
|	49.098538963875896
|	49.098538963875896
|	49.098538963875896
|	49.098538963875896
|	49.098538963875896
|	49.098538963875896
|	49.098538963875896
|	49.098538963875896
|	49.098538963875896
|	49.098538963875896
|	49.098538963875896
|	49.098538963875896
|	49.098538963875896
|	49.098538963875896
|	49.098538963875896
|	49.098538963875896
|	49.098538963875896
|	49.098538963875896
|	49.098538963875896
|	49.098538963875896
|	49.098538963875896
|	49.098538963875896
|	49.098538963875896
|	49.098538963875896
|	49.098538963875896
|	49.098538963875896
|	49.098538963875896
|	49.098538963875896
|	49.098538963875896
|	49.098538963875896
|	49.098538963875896
|	49.098538963875896
|	49.098538963875896
|	49.098538963875896
|	49.098538963875896
|	49.098538963875896
|	49.098538963875896
|	49.098538963875896
|	49.098538963875896
|	49.098538963875896
|	49.098538963875896
|	49.098538963875896
|	49.098538963875896
|	49.098538963875896
|	49.098538963875896
|	49.098538963875896
|	49.098538963875896
|	49.098538963875896
|	49.098538963875896
|	49.098538963875896
|	49.098538963875896
|	49.098538963875896
|	49.098538963875896
