||	20.74024538425474
|	20.3166368126383
|	20.3166368126383
|	20.3166368126383
|	20.3166368126383
|	20.3166368126383
|	20.3166368126383
||	20.74024538425474
||	20.74024538425474
|	20.3166368126383
|	20.3166368126383
|	20.3166368126383
|	20.3166368126383
|	20.3166368126383
|	20.3166368126383
||	20.74024538425474
||	20.74024538425474
|	20.3166368126383
|	20.3166368126383
|	20.3166368126383
|	20.3166368126383
|	20.3166368126383
|	20.3166368126383
||	20.74024538425474
||	20.74024538425474
|	20.3166368126383
|	20.3166368126383
|	20.3166368126383
|	20.3166368126383
|	20.3166368126383
|	20.3166368126383
||	20.74024538425474
||	20.74024538425474
|	20.3166368126383
|	20.3166368126383
|	20.3166368126383
|	20.3166368126383
|	20.3166368126383
|	20.3166368126383
||	20.74024538425474
||	20.74024538425474
|	20.3166368126383
|	20.3166368126383
|	20.3166368126383
|	20.3166368126383
|	20.3166368126383
|	20.3166368126383
||	20.74024538425474
++	2.6577727077355213
figures	1.9810790981106547
represent	1.5355568294626945
nominal	2.1806514530158587
horse	1.1359810580963978
power	1.0143200312493337
sizes	1.7974347011645275
given	1.1014702069682338
good	1.5355568294626945
