||	19.01189160223351
||	19.01189160223351
|	5.079159203159575
|	5.079159203159575
|	5.079159203159575
||	19.01189160223351
based	1.7035301982961963
upon	1.3513476801848339
cane	2.2184400139052585
cent	1.5453886471725942
fiber	2.1806514530158587
juice	2.2184400139052585
containing	1.6687680920369843
||	19.01189160223351
||	19.01189160223351
cent	1.5453886471725942
solid	1.7283537820212285
matter	1.460492149609902
representing	2.3055901896241586
louisiana	2.7827114443438212
conditions||	3.2598326990634834
||	19.01189160223351
||	19.01189160223351
|	5.079159203159575
|	5.079159203159575
|	5.079159203159575
||	19.01189160223351
||	19.01189160223351
|	5.079159203159575
|	5.079159203159575
|	5.079159203159575
||	19.01189160223351
||	19.01189160223351
