|	34.425412376970456
|	34.425412376970456
|	34.425412376970456
commercial	2.0045601939601774
horse	1.1359810580963978
power	1.0143200312493337
|	34.425412376970456
|	34.425412376970456
|	34.425412376970456
|	34.425412376970456
|	34.425412376970456
|	34.425412376970456
|	34.425412376970456
|	34.425412376970456
|	34.425412376970456
|	34.425412376970456
|	34.425412376970456
|	34.425412376970456
|	34.425412376970456
|	34.425412376970456
|	34.425412376970456
|	34.425412376970456
|	34.425412376970456
|	34.425412376970456
|	34.425412376970456
|	34.425412376970456
|	34.425412376970456
|	34.425412376970456
|	34.425412376970456
|	34.425412376970456
|	34.425412376970456
|	34.425412376970456
|	34.425412376970456
|	34.425412376970456
|	34.425412376970456
|	34.425412376970456
|	34.425412376970456
|	34.425412376970456
|	34.425412376970456
|	34.425412376970456
|	34.425412376970456
|	34.425412376970456
|	34.425412376970456
|	34.425412376970456
|	34.425412376970456
|	34.425412376970456
|	34.425412376970456
|	34.425412376970456
|	34.425412376970456
|	34.425412376970456
|	34.425412376970456
|	34.425412376970456
|	34.425412376970456
|	34.425412376970456
|	34.425412376970456
|	34.425412376970456
|	34.425412376970456
|	34.425412376970456
|	34.425412376970456
|	34.425412376970456
|	34.425412376970456
|	34.425412376970456
|	34.425412376970456
|	34.425412376970456
