|	23.138391925504735
|	23.138391925504735
|	23.138391925504735
|	23.138391925504735
|	23.138391925504735
|	23.138391925504735
|	23.138391925504735
|	23.138391925504735
|	23.138391925504735
|	23.138391925504735
|	23.138391925504735
|	23.138391925504735
|	23.138391925504735
|	23.138391925504735
|	23.138391925504735
|	23.138391925504735
|	23.138391925504735
|	23.138391925504735
|	23.138391925504735
|	23.138391925504735
|	23.138391925504735
|	23.138391925504735
|	23.138391925504735
|	23.138391925504735
|	23.138391925504735
|	23.138391925504735
|	23.138391925504735
|	23.138391925504735
|	23.138391925504735
|	23.138391925504735
|	23.138391925504735
|	23.138391925504735
|	23.138391925504735
|	23.138391925504735
|	23.138391925504735
|	23.138391925504735
|	23.138391925504735
|	23.138391925504735
|	23.138391925504735
|	23.138391925504735
|	23.138391925504735
