|	27.088849083517736
bagasse	6.863058618852832
per	1.6908387344586688
hour	4.24420397714768
fired	1.3906009793325074
|	27.088849083517736
pounds	4.01824077584071
|	27.088849083517736
|	27.088849083517736
|	27.088849083517736
|	27.088849083517736
|	27.088849083517736
|	27.088849083517736
moisture	1.2145097202768262
bagasse	6.863058618852832
|	27.088849083517736
per	1.6908387344586688
cent	1.5453886471725942
|	27.088849083517736
|	27.088849083517736
|	27.088849083517736
|	27.088849083517736
|	27.088849083517736
|	27.088849083517736
dry	2.4855987195294067
bagasse	6.863058618852832
per	1.6908387344586688
hour	4.24420397714768
|	27.088849083517736
pounds	4.01824077584071
|	27.088849083517736
|	27.088849083517736
|	27.088849083517736
|	27.088849083517736
|	27.088849083517736
|	27.088849083517736
dry	2.4855987195294067
bagasse	6.863058618852832
per	1.6908387344586688
square	1.2913497505095484
foot|	2.48168144867984
|	27.088849083517736
|	27.088849083517736
|	27.088849083517736
|	27.088849083517736
|	27.088849083517736
|	27.088849083517736
grate	1.202927847727011
per	1.6908387344586688
hour|	3.2598326990634834
pounds	4.01824077584071
|	27.088849083517736
|	27.088849083517736
|	27.088849083517736
|	27.088849083517736
|	27.088849083517736
|	27.088849083517736
per	1.6908387344586688
hour	4.24420397714768
|	27.088849083517736
|	27.088849083517736
|	27.088849083517736
|	27.088849083517736
|	27.088849083517736
|	27.088849083517736
|	27.088849083517736
|	27.088849083517736
pounds	4.01824077584071
|	27.088849083517736
|	27.088849083517736
|	27.088849083517736
|	27.088849083517736
|	27.088849083517736
|	27.088849083517736
per	1.6908387344586688
cent	1.5453886471725942
