|texas	8.876408110198508
sabine	3.2598326990634834
|	11.287020451465724
|	11.287020451465724
|	11.287020451465724
|	11.287020451465724
wilcox	1.0268365886713298
|	11.287020451465724
|texas	8.876408110198508
||u	6.519665398126967
|	11.287020451465724
|texas	8.876408110198508
||u	6.519665398126967
|	11.287020451465724
|ohio	3.2598326990634834
|	11.287020451465724
|	11.287020451465724
|	11.287020451465724
|	11.287020451465724
|	11.287020451465724
|	11.287020451465724
|	11.287020451465724
||	3.456707564042457
|	11.287020451465724
|pennsylvania	3.2598326990634834
|	11.287020451465724
|	11.287020451465724
|	11.287020451465724
|	11.287020451465724
||	3.456707564042457
|	11.287020451465724
