|press|	3.2598326990634834
?	2.3055901896241586
|	12.415722496612297
|	12.415722496612297
?	3.536942010458422
|	12.415722496612297
|	12.415722496612297
?	3.536942010458422
|	12.415722496612297
|	12.415722496612297
|	12.415722496612297
|	12.415722496612297
|	12.415722496612297
|	12.415722496612297
|	12.415722496612297
|	12.415722496612297
|	12.415722496612297
|	12.415722496612297
weight	1.0723119782270205
minute	1.7283537820212285
pounds	1.0045601939601776
loss	1.077989111118711
|	12.415722496612297
|	12.415722496612297
|	12.415722496612297
|	12.415722496612297
|	12.415722496612297
||	1.7283537820212285
|	12.415722496612297
|	12.415722496612297
|	12.415722496612297
