column	1.741318759185596
headings	2.7827114443438212
analysis	2.650668495639832
volume	2.5283950089318674
cent	1.5453886471725942
molecular	4.829469318098454
weight	3.2169359346810618
volume	2.5283950089318674
times	1.4337578963626572
molecular	4.829469318098454
weight	3.2169359346810618
analysis	2.650668495639832
weight	3.2169359346810618
cent	1.5453886471725942
|	10.722669428892438
|	10.722669428892438
|	10.722669428892438
|	10.722669428892438
|	10.722669428892438
|	10.722669428892438
|	10.722669428892438
|	10.722669428892438
|	10.722669428892438
|	10.722669428892438
|	10.722669428892438
|	10.722669428892438
|	10.722669428892438
|	10.722669428892438
|	10.722669428892438
|	10.722669428892438
|	10.722669428892438
|	10.722669428892438
|	10.722669428892438
