|	14.67312658690544
tex	6.77949809719045
|	14.67312658690544
maverick	3.2598326990634834
|	14.67312658690544
|	14.67312658690544
eagle	3.2598326990634834
pass	1.1594621539459207
|	14.67312658690544
|	14.67312658690544
|	14.67312658690544
tex	6.77949809719045
|	14.67312658690544
paolo	6.519665398126967
pinto	6.519665398126967
|	14.67312658690544
|	14.67312658690544
thurber	3.2598326990634834
|	14.67312658690544
mine	2.0952901893190514
run	2.6815092133748193
|	14.67312658690544
|	14.67312658690544
tex	6.77949809719045
|	14.67312658690544
paolo	6.519665398126967
pinto	6.519665398126967
|	14.67312658690544
|	14.67312658690544
strawn	3.2598326990634834
|	14.67312658690544
mine	2.0952901893190514
run	2.6815092133748193
|	14.67312658690544
|	14.67312658690544
|	14.67312658690544
henrico	3.2598326990634834
|	14.67312658690544
|	14.67312658690544
gayton	3.2598326990634834
|	14.67312658690544
|	14.67312658690544
|	14.67312658690544
|	14.67312658690544
