|	44.01937976071632
|	44.01937976071632
|	44.01937976071632
|	44.01937976071632
|	44.01937976071632
|	44.01937976071632
|	44.01937976071632
|	44.01937976071632
|	44.01937976071632
|	44.01937976071632
|	44.01937976071632
|	44.01937976071632
|	44.01937976071632
|	44.01937976071632
|	44.01937976071632
|	44.01937976071632
|	44.01937976071632
|	44.01937976071632
|	44.01937976071632
|	44.01937976071632
|	44.01937976071632
|	44.01937976071632
|	44.01937976071632
|	44.01937976071632
|	44.01937976071632
|	44.01937976071632
|	44.01937976071632
|	44.01937976071632
|	44.01937976071632
|	44.01937976071632
|	44.01937976071632
|	44.01937976071632
|	44.01937976071632
|	44.01937976071632
|	44.01937976071632
|	44.01937976071632
|	44.01937976071632
|	44.01937976071632
|	44.01937976071632
|	44.01937976071632
|	44.01937976071632
field	1.8126746677212644
|	44.01937976071632
|	44.01937976071632
|	44.01937976071632
|	44.01937976071632
|	44.01937976071632
|	44.01937976071632
|	44.01937976071632
|	44.01937976071632
|	44.01937976071632
|	44.01937976071632
|	44.01937976071632
|	44.01937976071632
|	44.01937976071632
|	44.01937976071632
|	44.01937976071632
|	44.01937976071632
|	44.01937976071632
|	44.01937976071632
|	44.01937976071632
|	44.01937976071632
|	44.01937976071632
|	44.01937976071632
|	44.01937976071632
|	44.01937976071632
|	44.01937976071632
|	44.01937976071632
bed	1.2469954743583114
|	44.01937976071632
mine	1.0476450946595257
|	44.01937976071632
|	44.01937976071632
|	44.01937976071632
|	44.01937976071632
|	44.01937976071632
|	44.01937976071632
|	44.01937976071632
|	44.01937976071632
|	44.01937976071632
|	44.01937976071632
