|	17.49488169977187
|	17.49488169977187
|	17.49488169977187
|	17.49488169977187
|	17.49488169977187
|	17.49488169977187
|	17.49488169977187
|	17.49488169977187
|	17.49488169977187
|	17.49488169977187
|	17.49488169977187
|	17.49488169977187
|	17.49488169977187
|	17.49488169977187
|	17.49488169977187
|	17.49488169977187
|	17.49488169977187
|	17.49488169977187
|	17.49488169977187
|	17.49488169977187
|	17.49488169977187
|	17.49488169977187
|	17.49488169977187
|	17.49488169977187
|	17.49488169977187
|	17.49488169977187
|	17.49488169977187
|	17.49488169977187
|	17.49488169977187
|	17.49488169977187
|feed	2.7827114443438212
|	17.49488169977187
