steel	1.5355568294626945
pipe	1.2184400139052585
|	10.15831840631915
|	10.15831840631915
|	10.15831840631915
|	10.15831840631915
|	10.15831840631915
|	10.15831840631915
diameter	1.5116446720572831
|	10.15831840631915
circumference	2.9588027033995026
|	10.15831840631915
|	10.15831840631915
|	10.15831840631915
|	10.15831840631915
|	10.15831840631915
|	10.15831840631915
|	10.15831840631915
|	10.15831840631915
|	10.15831840631915
|external|	5.917605406799005
internal	3.509365441487155
|external|	5.917605406799005
internal	3.509365441487155
|	10.15831840631915
|	10.15831840631915
