|	18.059232722345158
|	18.059232722345158
|	18.059232722345158
|	18.059232722345158
|	18.059232722345158
|	18.059232722345158
|	18.059232722345158
|	18.059232722345158
|	18.059232722345158
|	18.059232722345158
|	18.059232722345158
|	18.059232722345158
|	18.059232722345158
|	18.059232722345158
|	18.059232722345158
|	18.059232722345158
|	18.059232722345158
|	18.059232722345158
|	18.059232722345158
|	18.059232722345158
|	18.059232722345158
|	18.059232722345158
|	18.059232722345158
|	18.059232722345158
|	18.059232722345158
|	18.059232722345158
|	18.059232722345158
|	18.059232722345158
|	18.059232722345158
|	18.059232722345158
|	18.059232722345158
|	18.059232722345158
steam	1.179173691978719
tables	2.055712716407559
condensed	2.0293837776852097
table	2.1006353690417052
properties	1.8981048630458908
steam	1.179173691978719
different	1.4745028640527165
pressures	1.657772707735521
constructed	1.9376134043295643
table	2.1006353690417052
