|	34.425412376970456
|	34.425412376970456
|	34.425412376970456
|	34.425412376970456
|	34.425412376970456
|	34.425412376970456
|	34.425412376970456
|	34.425412376970456
|	34.425412376970456
|	34.425412376970456
|	34.425412376970456
|	34.425412376970456
|	34.425412376970456
|	34.425412376970456
|	34.425412376970456
|	34.425412376970456
|	34.425412376970456
|	34.425412376970456
|	34.425412376970456
|	34.425412376970456
|	34.425412376970456
|	34.425412376970456
|	34.425412376970456
|	34.425412376970456
|	34.425412376970456
|	34.425412376970456
|	34.425412376970456
|	34.425412376970456
|	34.425412376970456
|	34.425412376970456
|	34.425412376970456
|	34.425412376970456
|	34.425412376970456
|	34.425412376970456
|	34.425412376970456
|	34.425412376970456
|	34.425412376970456
|	34.425412376970456
|	34.425412376970456
|	34.425412376970456
|	34.425412376970456
|	34.425412376970456
|	34.425412376970456
|	34.425412376970456
|	34.425412376970456
|	34.425412376970456
|	34.425412376970456
|	34.425412376970456
|	34.425412376970456
|	34.425412376970456
|	34.425412376970456
|	34.425412376970456
|	34.425412376970456
|	34.425412376970456
|	34.425412376970456
|	34.425412376970456
|	34.425412376970456
|	34.425412376970456
|	34.425412376970456
|	34.425412376970456
|	34.425412376970456
