|	29.910604196384167
|	29.910604196384167
|	29.910604196384167
|	29.910604196384167
|	29.910604196384167
|	29.910604196384167
|	29.910604196384167
|	29.910604196384167
|	29.910604196384167
kind	1.8448593510926656
|	29.910604196384167
|	29.910604196384167
|	29.910604196384167
|	29.910604196384167
|	29.910604196384167
|	29.910604196384167
u|	3.2598326990634834
|	29.910604196384167
|	29.910604196384167
|	29.910604196384167
|	29.910604196384167
|	29.910604196384167
|	29.910604196384167
ash	2.3613029060317174
|	29.910604196384167
|	29.910604196384167
|	29.910604196384167
wood	1.587734841127766
|	29.910604196384167
|	29.910604196384167
|	29.910604196384167
|	29.910604196384167
|	29.910604196384167
|	29.910604196384167
|	29.910604196384167
|	29.910604196384167
|	29.910604196384167
|	29.910604196384167
|	29.910604196384167
|	29.910604196384167
|	29.910604196384167
|	29.910604196384167
|	29.910604196384167
|	29.910604196384167
oak	2.9588027033995026
|	29.910604196384167
|	29.910604196384167
|	29.910604196384167
|	29.910604196384167
|	29.910604196384167
|	29.910604196384167
|	29.910604196384167
|	29.910604196384167
ash	2.3613029060317174
|	29.910604196384167
|	29.910604196384167
|	29.910604196384167
|	29.910604196384167
|	29.910604196384167
