|	37.811518512410174
|	37.811518512410174
|	37.811518512410174
|	37.811518512410174
|	37.811518512410174
|	37.811518512410174
|	37.811518512410174
|	37.811518512410174
|	37.811518512410174
|	37.811518512410174
|	37.811518512410174
|	37.811518512410174
|	37.811518512410174
||	1.7283537820212285
|	37.811518512410174
|	37.811518512410174
|	37.811518512410174
|	37.811518512410174
|	37.811518512410174
|	37.811518512410174
|	37.811518512410174
|	37.811518512410174
|	37.811518512410174
|	37.811518512410174
|	37.811518512410174
|	37.811518512410174
|	37.811518512410174
|	37.811518512410174
|	37.811518512410174
|	37.811518512410174
|	37.811518512410174
|	37.811518512410174
|	37.811518512410174
|	37.811518512410174
|	37.811518512410174
|	37.811518512410174
|	37.811518512410174
|	37.811518512410174
|	37.811518512410174
|	37.811518512410174
|	37.811518512410174
|	37.811518512410174
|	37.811518512410174
|	37.811518512410174
|	37.811518512410174
|	37.811518512410174
|	37.811518512410174
|	37.811518512410174
|	37.811518512410174
|	37.811518512410174
|	37.811518512410174
|	37.811518512410174
|	37.811518512410174
|	37.811518512410174
|	37.811518512410174
|	37.811518512410174
|	37.811518512410174
|	37.811518512410174
|	37.811518512410174
|	37.811518512410174
|	37.811518512410174
|	37.811518512410174
|	37.811518512410174
|	37.811518512410174
|	37.811518512410174
|	37.811518512410174
|	37.811518512410174
|	37.811518512410174
