|	20.3166368126383
moisture	1.2145097202768262
|	20.3166368126383
volatile	1.715764654713208
|	20.3166368126383
fixed	1.6800491024466735
|	20.3166368126383
ash	1.1806514530158587
|	20.3166368126383
dry	1.2427993597647033
|	20.3166368126383
|	20.3166368126383
|	20.3166368126383
|	20.3166368126383
matter	1.460492149609902
|	20.3166368126383
carbon	1.0984646968285086
|	20.3166368126383
|	20.3166368126383
|	20.3166368126383
|	20.3166368126383
|	20.3166368126383
|	20.3166368126383
|	20.3166368126383
|	20.3166368126383
|	20.3166368126383
|	20.3166368126383
|	20.3166368126383
|	20.3166368126383
|	20.3166368126383
|	20.3166368126383
|	20.3166368126383
|	20.3166368126383
|	20.3166368126383
|	20.3166368126383
|	20.3166368126383
|	20.3166368126383
|	20.3166368126383
|	20.3166368126383
|	20.3166368126383
|	20.3166368126383
|	20.3166368126383
|	20.3166368126383
