|n	4.009120387920355
william	4.829469318098454
|	19.752285790065017
williston	6.519665398126967
|	19.752285790065017
|	19.752285790065017
mine	2.0952901893190514
run	2.6815092133748193
|	19.752285790065017
|n	4.009120387920355
william	4.829469318098454
|	19.752285790065017
williston	6.519665398126967
|	19.752285790065017
|	19.752285790065017
mine	2.0952901893190514
run	2.6815092133748193
|	19.752285790065017
|	19.752285790065017
tex	9.039330796253934
|	19.752285790065017
bastrop	6.519665398126967
|	19.752285790065017
bastrop	6.519665398126967
|	19.752285790065017
glenham	3.2598326990634834
|	19.752285790065017
|	19.752285790065017
|	19.752285790065017
tex	9.039330796253934
|	19.752285790065017
houston	8.876408110198508
|	19.752285790065017
crockett	3.2598326990634834
|	19.752285790065017
|	19.752285790065017
|	19.752285790065017
|	19.752285790065017
tex	9.039330796253934
|	19.752285790065017
houston	8.876408110198508
|	19.752285790065017
|	19.752285790065017
houston	8.876408110198508
|	19.752285790065017
|	19.752285790065017
|	19.752285790065017
|	19.752285790065017
|	19.752285790065017
|	19.752285790065017
|	19.752285790065017
|	19.752285790065017
|	19.752285790065017
tex	9.039330796253934
|	19.752285790065017
milam	3.2598326990634834
|	19.752285790065017
rockdal	3.2598326990634834
