|	38.37586953498346
|	38.37586953498346
|	38.37586953498346
|	38.37586953498346
|	38.37586953498346
|	38.37586953498346
|	38.37586953498346
|	38.37586953498346
|	38.37586953498346
|	38.37586953498346
|	38.37586953498346
|	38.37586953498346
|	38.37586953498346
|	38.37586953498346
|	38.37586953498346
|	38.37586953498346
|	38.37586953498346
|	38.37586953498346
|	38.37586953498346
|	38.37586953498346
|	38.37586953498346
|	38.37586953498346
|	38.37586953498346
|	38.37586953498346
|	38.37586953498346
|	38.37586953498346
|	38.37586953498346
|	38.37586953498346
|	38.37586953498346
|	38.37586953498346
|	38.37586953498346
|	38.37586953498346
|	38.37586953498346
|	38.37586953498346
|	38.37586953498346
|	38.37586953498346
|	38.37586953498346
|	38.37586953498346
|	38.37586953498346
|	38.37586953498346
|	38.37586953498346
|	38.37586953498346
|	38.37586953498346
|	38.37586953498346
|	38.37586953498346
|	38.37586953498346
|	38.37586953498346
|	38.37586953498346
|	38.37586953498346
|	38.37586953498346
|	38.37586953498346
|	38.37586953498346
|	38.37586953498346
|	38.37586953498346
|	38.37586953498346
|	38.37586953498346
|	38.37586953498346
|	38.37586953498346
|	38.37586953498346
|	38.37586953498346
|	38.37586953498346
|	38.37586953498346
|	38.37586953498346
|	38.37586953498346
|	38.37586953498346
|	38.37586953498346
|	38.37586953498346
|	38.37586953498346
