|	20.3166368126383
|	20.3166368126383
|	20.3166368126383
height	1.5355568294626945
stack	2.60158261348478
feet	2.71348542414308
|side	2.9588027033995026
of|	2.5608626947274646
|	20.3166368126383
|	20.3166368126383
|	20.3166368126383
dia	1.0397246110234284
|	20.3166368126383
area	1.587734841127766
|	20.3166368126383
|	20.3166368126383
|	20.3166368126383
|	20.3166368126383
|	20.3166368126383
|	20.3166368126383
|	20.3166368126383
|	20.3166368126383
|	20.3166368126383
lent	1.5116446720572831
|	20.3166368126383
|	20.3166368126383
meter|square|	2.9588027033995026
|	20.3166368126383
|	20.3166368126383
|	20.3166368126383
|	20.3166368126383
|	20.3166368126383
|	20.3166368126383
|	20.3166368126383
|square	2.48168144867984
|	20.3166368126383
|inches|	2.6577727077355213
feet	2.71348542414308
stack	2.60158261348478
|	20.3166368126383
|	20.3166368126383
|	20.3166368126383
|	20.3166368126383
|inches	2.5608626947274646
|	20.3166368126383
|	20.3166368126383
|	20.3166368126383
|	20.3166368126383
commercial	2.0045601939601774
horse	1.1359810580963978
power	1.0143200312493337
|	20.3166368126383
|	20.3166368126383
||	1.7283537820212285
