|	29.34625317381088
|	29.34625317381088
|	29.34625317381088
|	29.34625317381088
|	29.34625317381088
|	29.34625317381088
|	29.34625317381088
|	29.34625317381088
|	29.34625317381088
|	29.34625317381088
|	29.34625317381088
|	29.34625317381088
|	29.34625317381088
|	29.34625317381088
|	29.34625317381088
|	29.34625317381088
|	29.34625317381088
|	29.34625317381088
|	29.34625317381088
|	29.34625317381088
|	29.34625317381088
|	29.34625317381088
carbon	3.2953940904855257
|	29.34625317381088
|	29.34625317381088
|	29.34625317381088
|	29.34625317381088
|	29.34625317381088
|	29.34625317381088
|	29.34625317381088
carbon	3.2953940904855257
|	29.34625317381088
|	29.34625317381088
|	29.34625317381088
|	29.34625317381088
|	29.34625317381088
|	29.34625317381088
|	29.34625317381088
carbon	3.2953940904855257
monoxide|	2.7827114443438212
|	29.34625317381088
|	29.34625317381088
|	29.34625317381088
|	29.34625317381088
|	29.34625317381088
|	29.34625317381088
hydrogen	1.5785914616878964
|	29.34625317381088
|	29.34625317381088
|	29.34625317381088
|	29.34625317381088
|	29.34625317381088
|	29.34625317381088
|	29.34625317381088
|	29.34625317381088
|	29.34625317381088
|	29.34625317381088
