|	23.70274294807802
|	23.70274294807802
|	23.70274294807802
|	23.70274294807802
|	23.70274294807802
|	23.70274294807802
|	23.70274294807802
|	23.70274294807802
|	23.70274294807802
|	23.70274294807802
|	23.70274294807802
|	23.70274294807802
|	23.70274294807802
|	23.70274294807802
|	23.70274294807802
|	23.70274294807802
||	3.456707564042457
|	23.70274294807802
|	23.70274294807802
|	23.70274294807802
|	23.70274294807802
|	23.70274294807802
|	23.70274294807802
|	23.70274294807802
|	23.70274294807802
|	23.70274294807802
|	23.70274294807802
|	23.70274294807802
|	23.70274294807802
|	23.70274294807802
|	23.70274294807802
|	23.70274294807802
|	23.70274294807802
|	23.70274294807802
|	23.70274294807802
||	3.456707564042457
|	23.70274294807802
|	23.70274294807802
|	23.70274294807802
|	23.70274294807802
|	23.70274294807802
|	23.70274294807802
|	23.70274294807802
|	23.70274294807802
