|	27.653200106091024
dioxide	3.5654228886876425
|	27.653200106091024
|	27.653200106091024
|	27.653200106091024
|	27.653200106091024
|	27.653200106091024
|	27.653200106091024
|	27.653200106091024
|carbon	2.5608626947274646
|	27.653200106091024
|	27.653200106091024
|	27.653200106091024
|	27.653200106091024
|	27.653200106091024
|	27.653200106091024
|	27.653200106091024
|	27.653200106091024
monoxide	1.8448593510926656
|	27.653200106091024
|	27.653200106091024
|	27.653200106091024
|	27.653200106091024
|	27.653200106091024
|	27.653200106091024
|	27.653200106091024
|methane	2.9588027033995026
|	27.653200106091024
|	27.653200106091024
|	27.653200106091024
|	27.653200106091024
|	27.653200106091024
|	27.653200106091024
|	27.653200106091024
|ethane	2.9588027033995026
|	27.653200106091024
|	27.653200106091024
|	27.653200106091024
|	27.653200106091024
|	27.653200106091024
|acetylene	2.9588027033995026
|	27.653200106091024
|	27.653200106091024
|	27.653200106091024
|	27.653200106091024
|	27.653200106091024
|sulphur	3.2598326990634834
|	27.653200106091024
|	27.653200106091024
|	27.653200106091024
|	27.653200106091024
|	27.653200106091024
|	27.653200106091024
|	27.653200106091024
|	27.653200106091024
dioxide	3.5654228886876425
|	27.653200106091024
