|california	13.913557221719106
angeles	2.6577727077355213
|	14.108775564332154
|	14.108775564332154
|	14.108775564332154
|	14.108775564332154
||	5.185061346063685
|	14.108775564332154
wilcox	2.0536731773426595
|	14.108775564332154
|california	13.913557221719106
monte	3.2598326990634834
christo|	3.2598326990634834
|	14.108775564332154
|	14.108775564332154
|	14.108775564332154
wilcox	2.0536731773426595
|	14.108775564332154
|california	13.913557221719106
whittier	6.519665398126967
|	14.108775564332154
|	14.108775564332154
|	14.108775564332154
|	14.108775564332154
||	5.185061346063685
|	14.108775564332154
|	14.108775564332154
|california	13.913557221719106
whittier	6.519665398126967
|	14.108775564332154
|	14.108775564332154
|	14.108775564332154
|	14.108775564332154
||	5.185061346063685
|	14.108775564332154
|	14.108775564332154
|california	13.913557221719106
|	14.108775564332154
|	14.108775564332154
|	14.108775564332154
wilco	1.0243042521559347
