|	24.831444993224594
|	24.831444993224594
|	24.831444993224594
|	24.831444993224594
|	24.831444993224594
|	24.831444993224594
||	5.185061346063685
|	24.831444993224594
|	24.831444993224594
|	24.831444993224594
|	24.831444993224594
|	24.831444993224594
|	24.831444993224594
|	24.831444993224594
|	24.831444993224594
|	24.831444993224594
|	24.831444993224594
|	24.831444993224594
|	24.831444993224594
|	24.831444993224594
|	24.831444993224594
|	24.831444993224594
|	24.831444993224594
|	24.831444993224594
|	24.831444993224594
||	5.185061346063685
|	24.831444993224594
|	24.831444993224594
|	24.831444993224594
|	24.831444993224594
|	24.831444993224594
|	24.831444993224594
|	24.831444993224594
|	24.831444993224594
|	24.831444993224594
|	24.831444993224594
|	24.831444993224594
|	24.831444993224594
|	24.831444993224594
|	24.831444993224594
|	24.831444993224594
|	24.831444993224594
|	24.831444993224594
|	24.831444993224594
||	5.185061346063685
|	24.831444993224594
|	24.831444993224594
